date,base,quote,type,value
2026-01-02,CHF,NGN,buy,1803.0869
2026-01-02,CHF,NGN,middle,1803.7174
2026-01-02,CHF,NGN,sell,1804.3479
2026-01-02,CNY,NGN,buy,204.4305
2026-01-02,CNY,NGN,middle,204.5019
2026-01-02,CNY,NGN,sell,204.5734
2026-01-02,DKK,NGN,buy,224.4976
2026-01-02,DKK,NGN,middle,224.5761
2026-01-02,DKK,NGN,sell,224.6546
2026-01-02,EUR,NGN,buy,1677.0686
2026-01-02,EUR,NGN,middle,1677.6551
2026-01-02,EUR,NGN,sell,1678.2415
2026-01-02,GBP,NGN,buy,1924.4323
2026-01-02,GBP,NGN,middle,1925.1052
2026-01-02,GBP,NGN,sell,1925.7782
2026-01-02,JPY,NGN,buy,9.1149
2026-01-02,JPY,NGN,middle,9.118
2026-01-02,JPY,NGN,sell,9.1212
2026-01-02,SAR,NGN,buy,381.2521
2026-01-02,SAR,NGN,middle,381.3854
2026-01-02,SAR,NGN,sell,381.5187
2026-01-02,USD,NGN,buy,1429.8479
2026-01-02,USD,NGN,middle,1430.3479
2026-01-02,USD,NGN,sell,1430.8479
2026-01-02,XDR,NGN,buy,1958.8916
2026-01-02,XDR,NGN,middle,1959.5766
2026-01-02,XDR,NGN,sell,1960.2616
2026-01-02,XOF,NGN,buy,2.5666
2026-01-02,XOF,NGN,middle,2.5766
2026-01-02,XOF,NGN,sell,2.5866
2026-01-02,XUA,NGN,buy,1974.2198
2026-01-02,XUA,NGN,middle,1974.9101
2026-01-02,XUA,NGN,sell,1975.6005
2026-01-02,ZAR,NGN,buy,86.5997
2026-01-02,ZAR,NGN,middle,86.63
2026-01-02,ZAR,NGN,sell,86.6603
2026-01-05,CHF,NGN,buy,1793.9028
2026-01-05,CHF,NGN,middle,1794.5308
2026-01-05,CHF,NGN,sell,1795.1588
2026-01-05,CNY,NGN,buy,204.4525
2026-01-05,CNY,NGN,middle,204.5241
2026-01-05,CNY,NGN,sell,204.5957
2026-01-05,DKK,NGN,buy,223.0473
2026-01-05,DKK,NGN,middle,223.1253
2026-01-05,DKK,NGN,sell,223.2034
2026-01-05,EUR,NGN,buy,1666.2611
2026-01-05,EUR,NGN,middle,1666.8444
2026-01-05,EUR,NGN,sell,1667.4277
2026-01-05,GBP,NGN,buy,1918.9283
2026-01-05,GBP,NGN,middle,1919.6001
2026-01-05,GBP,NGN,sell,1920.2718
2026-01-05,JPY,NGN,buy,9.101
2026-01-05,JPY,NGN,middle,9.1042
2026-01-05,JPY,NGN,sell,9.1073
2026-01-05,SAR,NGN,buy,380.8205
2026-01-05,SAR,NGN,middle,380.9538
2026-01-05,SAR,NGN,sell,381.0871
2026-01-05,USD,NGN,buy,1428.3054
2026-01-05,USD,NGN,middle,1428.8054
2026-01-05,USD,NGN,sell,1429.3054
2026-01-05,XDR,NGN,buy,1954.4931
2026-01-05,XDR,NGN,middle,1955.1773
2026-01-05,XDR,NGN,sell,1955.8615
2026-01-05,XOF,NGN,buy,2.5358
2026-01-05,XOF,NGN,middle,2.5458
2026-01-05,XOF,NGN,sell,2.5558
2026-01-05,XUA,NGN,buy,1955.9759
2026-01-05,XUA,NGN,middle,1956.6606
2026-01-05,XUA,NGN,sell,1957.3453
2026-01-05,ZAR,NGN,buy,86.5341
2026-01-05,ZAR,NGN,middle,86.5644
2026-01-05,ZAR,NGN,sell,86.5947
2026-01-06,CHF,NGN,buy,1785.7512
2026-01-06,CHF,NGN,middle,1786.3808
2026-01-06,CHF,NGN,sell,1787.0105
2026-01-06,CNY,NGN,buy,203.0216
2026-01-06,CNY,NGN,middle,203.0931
2026-01-06,CNY,NGN,sell,203.1647
2026-01-06,DKK,NGN,buy,222.0063
2026-01-06,DKK,NGN,middle,222.0845
2026-01-06,DKK,NGN,sell,222.1628
2026-01-06,EUR,NGN,buy,1659.1361
2026-01-06,EUR,NGN,middle,1659.7211
2026-01-06,EUR,NGN,sell,1660.3061
2026-01-06,GBP,NGN,buy,1915.9476
2026-01-06,GBP,NGN,middle,1916.6232
2026-01-06,GBP,NGN,sell,1917.2987
2026-01-06,JPY,NGN,buy,9.0582
2026-01-06,JPY,NGN,middle,9.0614
2026-01-06,JPY,NGN,sell,9.0646
2026-01-06,SAR,NGN,buy,378.0902
2026-01-06,SAR,NGN,middle,378.2235
2026-01-06,SAR,NGN,sell,378.3568
2026-01-06,USD,NGN,buy,1418.065
2026-01-06,USD,NGN,middle,1418.565
2026-01-06,USD,NGN,sell,1419.065
2026-01-06,XDR,NGN,buy,1938.4949
2026-01-06,XDR,NGN,middle,1939.1784
2026-01-06,XDR,NGN,sell,1939.8619
2026-01-06,XOF,NGN,buy,2.5206
2026-01-06,XOF,NGN,middle,2.5306
2026-01-06,XOF,NGN,sell,2.5406
2026-01-06,XUA,NGN,buy,1951.8577
2026-01-06,XUA,NGN,middle,1952.5459
2026-01-06,XUA,NGN,sell,1953.2341
2026-01-06,ZAR,NGN,buy,86.4779
2026-01-06,ZAR,NGN,middle,86.5084
2026-01-06,ZAR,NGN,sell,86.5389
2026-01-07,CHF,NGN,buy,1780.0309
2026-01-07,CHF,NGN,middle,1780.6589
2026-01-07,CHF,NGN,sell,1781.2869
2026-01-07,CNY,NGN,buy,202.6511
2026-01-07,CNY,NGN,middle,202.7226
2026-01-07,CNY,NGN,sell,202.7941
2026-01-07,DKK,NGN,buy,221.6686
2026-01-07,DKK,NGN,middle,221.7468
2026-01-07,DKK,NGN,sell,221.825
2026-01-07,EUR,NGN,buy,1656.3525
2026-01-07,EUR,NGN,middle,1656.9368
2026-01-07,EUR,NGN,sell,1657.5212
2026-01-07,GBP,NGN,buy,1912.3097
2026-01-07,GBP,NGN,middle,1912.9844
2026-01-07,GBP,NGN,sell,1913.659
2026-01-07,JPY,NGN,buy,9.0595
2026-01-07,JPY,NGN,middle,9.0626
2026-01-07,JPY,NGN,sell,9.0658
2026-01-07,SAR,NGN,buy,377.916
2026-01-07,SAR,NGN,middle,378.0493
2026-01-07,SAR,NGN,sell,378.1827
2026-01-07,USD,NGN,buy,1417.2606
2026-01-07,USD,NGN,middle,1417.7606
2026-01-07,USD,NGN,sell,1418.2606
2026-01-07,XDR,NGN,buy,1939.8046
2026-01-07,XDR,NGN,middle,1940.4889
2026-01-07,XDR,NGN,sell,1941.1733
2026-01-07,XOF,NGN,buy,2.5117
2026-01-07,XOF,NGN,middle,2.5217
2026-01-07,XOF,NGN,sell,2.5317
2026-01-07,XUA,NGN,buy,1940.1642
2026-01-07,XUA,NGN,middle,1940.8487
2026-01-07,XUA,NGN,sell,1941.5332
2026-01-07,ZAR,NGN,buy,86.2374
2026-01-07,ZAR,NGN,middle,86.2679
2026-01-07,ZAR,NGN,sell,86.2983
2026-01-08,CHF,NGN,buy,1778.2842
2026-01-08,CHF,NGN,middle,1778.9109
2026-01-08,CHF,NGN,sell,1779.5376
2026-01-08,CNY,NGN,buy,203.1815
2026-01-08,CNY,NGN,middle,203.2531
2026-01-08,CNY,NGN,sell,203.3248
2026-01-08,DKK,NGN,buy,221.6673
2026-01-08,DKK,NGN,middle,221.7454
2026-01-08,DKK,NGN,sell,221.8236
2026-01-08,EUR,NGN,buy,1656.4918
2026-01-08,EUR,NGN,middle,1657.0756
2026-01-08,EUR,NGN,sell,1657.6594
2026-01-08,GBP,NGN,buy,1907.0368
2026-01-08,GBP,NGN,middle,1907.7089
2026-01-08,GBP,NGN,sell,1908.381
2026-01-08,JPY,NGN,buy,9.0525
2026-01-08,JPY,NGN,middle,9.0557
2026-01-08,JPY,NGN,sell,9.0589
2026-01-08,SAR,NGN,buy,378.3139
2026-01-08,SAR,NGN,middle,378.4473
2026-01-08,SAR,NGN,sell,378.5806
2026-01-08,USD,NGN,buy,1418.7151
2026-01-08,USD,NGN,middle,1419.2151
2026-01-08,USD,NGN,sell,1419.7151
2026-01-08,XDR,NGN,buy,1940.0929
2026-01-08,XDR,NGN,middle,1940.7766
2026-01-08,XDR,NGN,sell,1941.4604
2026-01-08,XOF,NGN,buy,2.5053
2026-01-08,XOF,NGN,middle,2.5153
2026-01-08,XOF,NGN,sell,2.5253
2026-01-08,XUA,NGN,buy,1937.4646
2026-01-08,XUA,NGN,middle,1938.1474
2026-01-08,XUA,NGN,sell,1938.8302
2026-01-08,ZAR,NGN,buy,85.8708
2026-01-08,ZAR,NGN,middle,85.9011
2026-01-08,ZAR,NGN,sell,85.9314
2026-01-09,CHF,NGN,buy,1778.3761
2026-01-09,CHF,NGN,middle,1779.0014
2026-01-09,CHF,NGN,sell,1779.6266
2026-01-09,CNY,NGN,buy,203.6701
2026-01-09,CNY,NGN,middle,203.7417
2026-01-09,CNY,NGN,sell,203.8133
2026-01-09,DKK,NGN,buy,221.7079
2026-01-09,DKK,NGN,middle,221.7858
2026-01-09,DKK,NGN,sell,221.8638
2026-01-09,EUR,NGN,buy,1656.9672
2026-01-09,EUR,NGN,middle,1657.5498
2026-01-09,EUR,NGN,sell,1658.1323
2026-01-09,GBP,NGN,buy,1910.6819
2026-01-09,GBP,NGN,middle,1911.3537
2026-01-09,GBP,NGN,sell,1912.0254
2026-01-09,JPY,NGN,buy,9.0302
2026-01-09,JPY,NGN,middle,9.0334
2026-01-09,JPY,NGN,sell,9.0366
2026-01-09,SAR,NGN,buy,379.2244
2026-01-09,SAR,NGN,middle,379.3577
2026-01-09,SAR,NGN,sell,379.4911
2026-01-09,USD,NGN,buy,1422.1674
2026-01-09,USD,NGN,middle,1422.6674
2026-01-09,USD,NGN,sell,1423.1674
2026-01-09,XDR,NGN,buy,1946.5205
2026-01-09,XDR,NGN,middle,1947.2049
2026-01-09,XDR,NGN,sell,1947.8892
2026-01-09,XOF,NGN,buy,2.5117
2026-01-09,XOF,NGN,middle,2.5217
2026-01-09,XOF,NGN,sell,2.5317
2026-01-09,XUA,NGN,buy,1940.169
2026-01-09,XUA,NGN,middle,1940.8511
2026-01-09,XUA,NGN,sell,1941.5332
2026-01-09,ZAR,NGN,buy,86.0996
2026-01-09,ZAR,NGN,middle,86.1299
2026-01-09,ZAR,NGN,sell,86.1601
2026-01-12,CHF,NGN,buy,1782.7034
2026-01-12,CHF,NGN,middle,1783.3309
2026-01-12,CHF,NGN,sell,1783.9585
2026-01-12,CNY,NGN,buy,203.7054
2026-01-12,CNY,NGN,middle,203.7771
2026-01-12,CNY,NGN,sell,203.8488
2026-01-12,DKK,NGN,buy,222.2
2026-01-12,DKK,NGN,middle,222.2782
2026-01-12,DKK,NGN,sell,222.3565
2026-01-12,EUR,NGN,buy,1660.5155
2026-01-12,EUR,NGN,middle,1661.1
2026-01-12,EUR,NGN,sell,1661.6845
2026-01-12,GBP,NGN,buy,1914.4934
2026-01-12,GBP,NGN,middle,1915.1673
2026-01-12,GBP,NGN,sell,1915.8412
2026-01-12,JPY,NGN,buy,8.9999
2026-01-12,JPY,NGN,middle,9.0031
2026-01-12,JPY,NGN,sell,9.0063
2026-01-12,SAR,NGN,buy,378.7686
2026-01-12,SAR,NGN,middle,378.902
2026-01-12,SAR,NGN,sell,379.0353
2026-01-12,USD,NGN,buy,1420.4581
2026-01-12,USD,NGN,middle,1420.9581
2026-01-12,USD,NGN,sell,1421.4581
2026-01-12,XDR,NGN,buy,1942.4765
2026-01-12,XDR,NGN,middle,1943.1602
2026-01-12,XDR,NGN,sell,1943.844
2026-01-12,XOF,NGN,buy,2.5053
2026-01-12,XOF,NGN,middle,2.5153
2026-01-12,XOF,NGN,sell,2.5253
2026-01-12,XUA,NGN,buy,1937.4662
2026-01-12,XUA,NGN,middle,1938.1482
2026-01-12,XUA,NGN,sell,1938.8302
2026-01-12,ZAR,NGN,buy,86.6772
2026-01-12,ZAR,NGN,middle,86.7078
2026-01-12,ZAR,NGN,sell,86.7383
2026-01-13,CHF,NGN,buy,1777.7675
2026-01-13,CHF,NGN,middle,1778.3941
2026-01-13,CHF,NGN,sell,1779.0207
2026-01-13,CNY,NGN,buy,203.3627
2026-01-13,CNY,NGN,middle,203.4344
2026-01-13,CNY,NGN,sell,203.5061
2026-01-13,DKK,NGN,buy,221.5235
2026-01-13,DKK,NGN,middle,221.6016
2026-01-13,DKK,NGN,sell,221.6796
2026-01-13,EUR,NGN,buy,1655.4326
2026-01-13,EUR,NGN,middle,1656.0161
2026-01-13,EUR,NGN,sell,1656.5995
2026-01-13,GBP,NGN,buy,1912.6354
2026-01-13,GBP,NGN,middle,1913.3095
2026-01-13,GBP,NGN,sell,1913.9836
2026-01-13,JPY,NGN,buy,8.9376
2026-01-13,JPY,NGN,middle,8.9407
2026-01-13,JPY,NGN,sell,8.9439
2026-01-13,SAR,NGN,buy,378.2787
2026-01-13,SAR,NGN,middle,378.412
2026-01-13,SAR,NGN,sell,378.5453
2026-01-13,USD,NGN,buy,1418.6585
2026-01-13,USD,NGN,middle,1419.1585
2026-01-13,USD,NGN,sell,1419.6585
2026-01-13,XDR,NGN,buy,1938.5968
2026-01-13,XDR,NGN,middle,1939.2801
2026-01-13,XDR,NGN,sell,1939.9633
2026-01-13,XOF,NGN,buy,2.5128
2026-01-13,XOF,NGN,middle,2.5228
2026-01-13,XOF,NGN,sell,2.5328
2026-01-13,XUA,NGN,buy,1940.3714
2026-01-13,XUA,NGN,middle,1941.0553
2026-01-13,XUA,NGN,sell,1941.7392
2026-01-13,ZAR,NGN,buy,86.578
2026-01-13,ZAR,NGN,middle,86.6085
2026-01-13,ZAR,NGN,sell,86.639
2026-01-14,CHF,NGN,buy,1772.9104
2026-01-14,CHF,NGN,middle,1773.5351
2026-01-14,CHF,NGN,sell,1774.1598
2026-01-14,CNY,NGN,buy,203.4462
2026-01-14,CNY,NGN,middle,203.5179
2026-01-14,CNY,NGN,sell,203.5896
2026-01-14,DKK,NGN,buy,221.3683
2026-01-14,DKK,NGN,middle,221.4463
2026-01-14,DKK,NGN,sell,221.5243
2026-01-14,EUR,NGN,buy,1654.3139
2026-01-14,EUR,NGN,middle,1654.8968
2026-01-14,EUR,NGN,sell,1655.4797
2026-01-14,GBP,NGN,buy,1909.7407
2026-01-14,GBP,NGN,middle,1910.4136
2026-01-14,GBP,NGN,sell,1911.0865
2026-01-14,JPY,NGN,buy,8.9648
2026-01-14,JPY,NGN,middle,8.968
2026-01-14,JPY,NGN,sell,8.9711
2026-01-14,SAR,NGN,buy,378.3696
2026-01-14,SAR,NGN,middle,378.503
2026-01-14,SAR,NGN,sell,378.6363
2026-01-14,USD,NGN,buy,1419.0375
2026-01-14,USD,NGN,middle,1419.5375
2026-01-14,USD,NGN,sell,1420.0375
2026-01-14,XDR,NGN,buy,1937.8376
2026-01-14,XDR,NGN,middle,1938.5204
2026-01-14,XDR,NGN,sell,1939.2032
2026-01-14,XOF,NGN,buy,2.5013
2026-01-14,XOF,NGN,middle,2.5113
2026-01-14,XOF,NGN,sell,2.5213
2026-01-14,XUA,NGN,buy,1936.6522
2026-01-14,XUA,NGN,middle,1937.3346
2026-01-14,XUA,NGN,sell,1938.017
2026-01-14,ZAR,NGN,buy,86.5837
2026-01-14,ZAR,NGN,middle,86.6142
2026-01-14,ZAR,NGN,sell,86.6447
2026-01-15,CHF,NGN,buy,1769.7584
2026-01-15,CHF,NGN,middle,1770.3823
2026-01-15,CHF,NGN,sell,1771.0062
2026-01-15,CNY,NGN,buy,203.6536
2026-01-15,CNY,NGN,middle,203.7254
2026-01-15,CNY,NGN,sell,203.7972
2026-01-15,DKK,NGN,buy,220.621
2026-01-15,DKK,NGN,middle,220.6988
2026-01-15,DKK,NGN,sell,220.7766
2026-01-15,EUR,NGN,buy,1648.7556
2026-01-15,EUR,NGN,middle,1649.3369
2026-01-15,EUR,NGN,sell,1649.9181
2026-01-15,GBP,NGN,buy,1892.0198
2026-01-15,GBP,NGN,middle,1892.6868
2026-01-15,GBP,NGN,sell,1893.3538
2026-01-15,JPY,NGN,buy,8.9425
2026-01-15,JPY,NGN,middle,8.9457
2026-01-15,JPY,NGN,sell,8.9488
2026-01-15,SAR,NGN,buy,378.1688
2026-01-15,SAR,NGN,middle,378.3022
2026-01-15,SAR,NGN,sell,378.4355
2026-01-15,USD,NGN,buy,1418.2844
2026-01-15,USD,NGN,middle,1418.7844
2026-01-15,USD,NGN,sell,1419.2844
2026-01-15,XDR,NGN,buy,1935.8164
2026-01-15,XDR,NGN,middle,1936.4988
2026-01-15,XDR,NGN,sell,1937.1813
2026-01-15,XOF,NGN,buy,2.5014
2026-01-15,XOF,NGN,middle,2.5114
2026-01-15,XOF,NGN,sell,2.5214
2026-01-15,XUA,NGN,buy,1936.119
2026-01-15,XUA,NGN,middle,1936.8015
2026-01-15,XUA,NGN,sell,1937.4841
2026-01-15,ZAR,NGN,buy,86.5863
2026-01-15,ZAR,NGN,middle,86.6169
2026-01-15,ZAR,NGN,sell,86.6474
2026-01-16,CHF,NGN,buy,1767.4296
2026-01-16,CHF,NGN,middle,1768.0533
2026-01-16,CHF,NGN,sell,1768.6769
2026-01-16,CNY,NGN,buy,203.2779
2026-01-16,CNY,NGN,middle,203.3496
2026-01-16,CNY,NGN,sell,203.4213
2026-01-16,DKK,NGN,buy,220.3309
2026-01-16,DKK,NGN,middle,220.4087
2026-01-16,DKK,NGN,sell,220.4864
2026-01-16,EUR,NGN,buy,1646.3522
2026-01-16,EUR,NGN,middle,1646.9332
2026-01-16,EUR,NGN,sell,1647.5141
2026-01-16,GBP,NGN,buy,1899.986
2026-01-16,GBP,NGN,middle,1900.6564
2026-01-16,GBP,NGN,sell,1901.3269
2026-01-16,JPY,NGN,buy,8.9669
2026-01-16,JPY,NGN,middle,8.9701
2026-01-16,JPY,NGN,sell,8.9732
2026-01-16,SAR,NGN,buy,377.8428
2026-01-16,SAR,NGN,middle,377.9761
2026-01-16,SAR,NGN,sell,378.1095
2026-01-16,USD,NGN,buy,1416.9483
2026-01-16,USD,NGN,middle,1417.4483
2026-01-16,USD,NGN,sell,1417.9483
2026-01-16,XDR,NGN,buy,1932.8592
2026-01-16,XDR,NGN,middle,1933.5412
2026-01-16,XDR,NGN,sell,1934.2233
2026-01-16,XOF,NGN,buy,2.4942
2026-01-16,XOF,NGN,middle,2.5042
2026-01-16,XOF,NGN,sell,2.5142
2026-01-16,XUA,NGN,buy,1933.9847
2026-01-16,XUA,NGN,middle,1934.6672
2026-01-16,XUA,NGN,sell,1935.3496
2026-01-16,ZAR,NGN,buy,86.3514
2026-01-16,ZAR,NGN,middle,86.3818
2026-01-16,ZAR,NGN,sell,86.4123
2026-01-19,CHF,NGN,buy,1779.8864
2026-01-19,CHF,NGN,middle,1780.5134
2026-01-19,CHF,NGN,sell,1781.1405
2026-01-19,CNY,NGN,buy,203.8202
2026-01-19,CNY,NGN,middle,203.892
2026-01-19,CNY,NGN,sell,203.9638
2026-01-19,DKK,NGN,buy,221.0237
2026-01-19,DKK,NGN,middle,221.1015
2026-01-19,DKK,NGN,sell,221.1794
2026-01-19,EUR,NGN,buy,1651.6178
2026-01-19,EUR,NGN,middle,1652.1996
2026-01-19,EUR,NGN,sell,1652.7815
2026-01-19,GBP,NGN,buy,1904.5337
2026-01-19,GBP,NGN,middle,1905.2047
2026-01-19,GBP,NGN,sell,1905.8756
2026-01-19,JPY,NGN,buy,8.9879
2026-01-19,JPY,NGN,middle,8.9911
2026-01-19,JPY,NGN,sell,8.9942
2026-01-19,SAR,NGN,buy,378.4649
2026-01-19,SAR,NGN,middle,378.5983
2026-01-19,SAR,NGN,sell,378.7316
2026-01-19,USD,NGN,buy,1419.2814
2026-01-19,USD,NGN,middle,1419.7814
2026-01-19,USD,NGN,sell,1420.2814
2026-01-19,XDR,NGN,buy,1935.616
2026-01-19,XDR,NGN,middle,1936.2979
2026-01-19,XDR,NGN,sell,1936.9798
2026-01-19,XOF,NGN,buy,2.4903
2026-01-19,XOF,NGN,middle,2.5003
2026-01-19,XOF,NGN,sell,2.5103
2026-01-19,XUA,NGN,buy,1931.8116
2026-01-19,XUA,NGN,middle,1932.4921
2026-01-19,XUA,NGN,sell,1933.1727
2026-01-19,ZAR,NGN,buy,86.5046
2026-01-19,ZAR,NGN,middle,86.5351
2026-01-19,ZAR,NGN,sell,86.5656
2026-01-20,CHF,NGN,buy,1795.8283
2026-01-20,CHF,NGN,middle,1796.4614
2026-01-20,CHF,NGN,sell,1797.0945
2026-01-20,CNY,NGN,buy,203.8145
2026-01-20,CNY,NGN,middle,203.8864
2026-01-20,CNY,NGN,sell,203.9582
2026-01-20,DKK,NGN,buy,222.8666
2026-01-20,DKK,NGN,middle,222.9451
2026-01-20,DKK,NGN,sell,223.0237
2026-01-20,EUR,NGN,buy,1665.1373
2026-01-20,EUR,NGN,middle,1665.7243
2026-01-20,EUR,NGN,sell,1666.3113
2026-01-20,GBP,NGN,buy,1906.9651
2026-01-20,GBP,NGN,middle,1907.6374
2026-01-20,GBP,NGN,sell,1908.3096
2026-01-20,JPY,NGN,buy,8.9854
2026-01-20,JPY,NGN,middle,8.9886
2026-01-20,JPY,NGN,sell,8.9917
2026-01-20,SAR,NGN,buy,378.2153
2026-01-20,SAR,NGN,middle,378.3486
2026-01-20,SAR,NGN,sell,378.482
2026-01-20,USD,NGN,buy,1418.3452
2026-01-20,USD,NGN,middle,1418.8452
2026-01-20,USD,NGN,sell,1419.3452
2026-01-20,XDR,NGN,buy,1934.3392
2026-01-20,XDR,NGN,middle,1935.0211
2026-01-20,XDR,NGN,sell,1935.703
2026-01-20,XOF,NGN,buy,2.4944
2026-01-20,XOF,NGN,middle,2.5044
2026-01-20,XOF,NGN,sell,2.5144
2026-01-20,XUA,NGN,buy,1934.9904
2026-01-20,XUA,NGN,middle,1935.6726
2026-01-20,XUA,NGN,sell,1936.3547
2026-01-20,ZAR,NGN,buy,86.153
2026-01-20,ZAR,NGN,middle,86.1834
2026-01-20,ZAR,NGN,sell,86.2137
2026-01-21,CHF,NGN,buy,1792.0879
2026-01-21,CHF,NGN,middle,1792.719
2026-01-21,CHF,NGN,sell,1793.3502
2026-01-21,CNY,NGN,buy,203.8586
2026-01-21,CNY,NGN,middle,203.9304
2026-01-21,CNY,NGN,sell,204.0022
2026-01-21,DKK,NGN,buy,222.7422
2026-01-21,DKK,NGN,middle,222.8207
2026-01-21,DKK,NGN,sell,222.8991
2026-01-21,EUR,NGN,buy,1664.3049
2026-01-21,EUR,NGN,middle,1664.8911
2026-01-21,EUR,NGN,sell,1665.4772
2026-01-21,GBP,NGN,buy,1907.4982
2026-01-21,GBP,NGN,middle,1908.17
2026-01-21,GBP,NGN,sell,1908.8418
2026-01-21,JPY,NGN,buy,8.982
2026-01-21,JPY,NGN,middle,8.9851
2026-01-21,JPY,NGN,sell,8.9883
2026-01-21,SAR,NGN,buy,378.5744
2026-01-21,SAR,NGN,middle,378.7078
2026-01-21,SAR,NGN,sell,378.8411
2026-01-21,USD,NGN,buy,1419.692
2026-01-21,USD,NGN,middle,1420.192
2026-01-21,USD,NGN,sell,1420.692
2026-01-21,XDR,NGN,buy,1943.7003
2026-01-21,XDR,NGN,middle,1944.3849
2026-01-21,XDR,NGN,sell,1945.0694
2026-01-21,XOF,NGN,buy,2.5168
2026-01-21,XOF,NGN,middle,2.5268
2026-01-21,XOF,NGN,sell,2.5368
2026-01-21,XUA,NGN,buy,1941.1595
2026-01-21,XUA,NGN,middle,1941.8431
2026-01-21,XUA,NGN,sell,1942.5268
2026-01-21,ZAR,NGN,buy,87.157
2026-01-21,ZAR,NGN,middle,87.1877
2026-01-21,ZAR,NGN,sell,87.2184
2026-01-22,AED,NGN,buy,386.8753
2026-01-22,AED,NGN,middle,387.0114
2026-01-22,AED,NGN,sell,387.1475
2026-01-22,CNY,NGN,buy,203.7669
2026-01-22,CNY,NGN,middle,203.8386
2026-01-22,CNY,NGN,sell,203.9103
2026-01-22,DKK,NGN,buy,222.8675
2026-01-22,DKK,NGN,middle,222.946
2026-01-22,DKK,NGN,sell,223.0244
2026-01-22,EUR,NGN,buy,1664.7839
2026-01-22,EUR,NGN,middle,1665.3696
2026-01-22,EUR,NGN,sell,1665.9554
2026-01-22,GBP,NGN,buy,1907.2184
2026-01-22,GBP,NGN,middle,1907.8895
2026-01-22,GBP,NGN,sell,1908.5605
2026-01-22,JPY,NGN,buy,8.9556
2026-01-22,JPY,NGN,middle,8.9587
2026-01-22,JPY,NGN,sell,8.9619
2026-01-22,SAR,NGN,buy,378.942
2026-01-22,SAR,NGN,middle,379.0753
2026-01-22,SAR,NGN,sell,379.2086
2026-01-22,USD,NGN,buy,1421.0703
2026-01-22,USD,NGN,middle,1421.5703
2026-01-22,USD,NGN,sell,1422.0703
2026-01-22,XDR,NGN,buy,1943.3136
2026-01-22,XDR,NGN,middle,1943.9974
2026-01-22,XDR,NGN,sell,1944.6811
2026-01-22,XOF,NGN,buy,2.5216
2026-01-22,XOF,NGN,middle,2.5316
2026-01-22,XOF,NGN,sell,2.5416
2026-01-22,XUA,NGN,buy,1940.8037
2026-01-22,XUA,NGN,middle,1941.4865
2026-01-22,XUA,NGN,sell,1942.1694
2026-01-22,ZAR,NGN,buy,87.6495
2026-01-22,ZAR,NGN,middle,87.6804
2026-01-22,ZAR,NGN,sell,87.7112
2026-01-23,AED,NGN,buy,386.7545
2026-01-23,AED,NGN,middle,386.8906
2026-01-23,AED,NGN,sell,387.0267
2026-01-23,CHF,NGN,buy,1797.8063
2026-01-23,CHF,NGN,middle,1798.439
2026-01-23,CHF,NGN,sell,1799.0718
2026-01-23,CNY,NGN,buy,203.9723
2026-01-23,CNY,NGN,middle,204.0441
2026-01-23,CNY,NGN,sell,204.1159
2026-01-23,DKK,NGN,buy,223.3584
2026-01-23,DKK,NGN,middle,223.437
2026-01-23,DKK,NGN,sell,223.5156
2026-01-23,EUR,NGN,buy,1668.3838
2026-01-23,EUR,NGN,middle,1668.971
2026-01-23,EUR,NGN,sell,1669.5582
2026-01-23,GBP,NGN,buy,1922.818
2026-01-23,GBP,NGN,middle,1923.4947
2026-01-23,GBP,NGN,sell,1924.1715
2026-01-23,JPY,NGN,buy,8.9845
2026-01-23,JPY,NGN,middle,8.9876
2026-01-23,JPY,NGN,sell,8.9908
2026-01-23,SAR,NGN,buy,378.8236
2026-01-23,SAR,NGN,middle,378.957
2026-01-23,SAR,NGN,sell,379.0903
2026-01-23,USD,NGN,buy,1420.6265
2026-01-23,USD,NGN,middle,1421.1265
2026-01-23,USD,NGN,sell,1421.6265
2026-01-23,XDR,NGN,buy,1941.2861
2026-01-23,XDR,NGN,middle,1941.9694
2026-01-23,XDR,NGN,sell,1942.6526
2026-01-23,XOF,NGN,buy,2.5169
2026-01-23,XOF,NGN,middle,2.5269
2026-01-23,XOF,NGN,sell,2.5369
2026-01-23,XUA,NGN,buy,1941.1668
2026-01-23,XUA,NGN,middle,1941.85
2026-01-23,XUA,NGN,sell,1942.5332
2026-01-23,ZAR,NGN,buy,87.8568
2026-01-23,ZAR,NGN,middle,87.8877
2026-01-23,ZAR,NGN,sell,87.9186
2026-01-26,CHF,NGN,buy,1823.0293
2026-01-26,CHF,NGN,middle,1823.6722
2026-01-26,CHF,NGN,sell,1824.315
2026-01-26,CNY,NGN,buy,203.8899
2026-01-26,CNY,NGN,middle,203.9618
2026-01-26,CNY,NGN,sell,204.0337
2026-01-26,EUR,NGN,buy,1681.1241
2026-01-26,EUR,NGN,middle,1681.7169
2026-01-26,EUR,NGN,sell,1682.3097
2026-01-26,GBP,NGN,buy,1919.7655
2026-01-26,GBP,NGN,middle,1920.4424
2026-01-26,GBP,NGN,sell,1921.1194
2026-01-26,JPY,NGN,buy,9.2027
2026-01-26,JPY,NGN,middle,9.2059
2026-01-26,JPY,NGN,sell,9.2092
2026-01-26,SAR,NGN,buy,378.1206
2026-01-26,SAR,NGN,middle,378.2539
2026-01-26,SAR,NGN,sell,378.3873
2026-01-26,USD,NGN,buy,1417.9522
2026-01-26,USD,NGN,middle,1418.4522
2026-01-26,USD,NGN,sell,1418.9522
2026-01-26,XDR,NGN,buy,1941.4602
2026-01-26,XDR,NGN,middle,1942.1448
2026-01-26,XDR,NGN,sell,1942.8294
2026-01-26,XOF,NGN,buy,2.5239
2026-01-26,XOF,NGN,middle,2.5339
2026-01-26,XOF,NGN,sell,2.5439
2026-01-26,XUA,NGN,buy,1944.3641
2026-01-26,XUA,NGN,middle,1945.0497
2026-01-26,XUA,NGN,sell,1945.7353
2026-01-26,ZAR,NGN,buy,88.2667
2026-01-26,ZAR,NGN,middle,88.2979
2026-01-26,ZAR,NGN,sell,88.329
2026-01-27,CHF,NGN,buy,1816.817
2026-01-27,CHF,NGN,middle,1817.4658
2026-01-27,CHF,NGN,sell,1818.1146
2026-01-27,CNY,NGN,buy,201.3287
2026-01-27,CNY,NGN,middle,201.4006
2026-01-27,CNY,NGN,sell,201.4725
2026-01-27,DKK,NGN,buy,223.7597
2026-01-27,DKK,NGN,middle,223.8396
2026-01-27,DKK,NGN,sell,223.9195
2026-01-27,EUR,NGN,buy,1671.0236
2026-01-27,EUR,NGN,middle,1671.6203
2026-01-27,EUR,NGN,sell,1672.217
2026-01-27,GBP,NGN,buy,1924.4636
2026-01-27,GBP,NGN,middle,1925.1508
2026-01-27,GBP,NGN,sell,1925.838
2026-01-27,JPY,NGN,buy,9.1345
2026-01-27,JPY,NGN,middle,9.1377
2026-01-27,JPY,NGN,sell,9.141
2026-01-27,SAR,NGN,buy,373.3922
2026-01-27,SAR,NGN,middle,373.5256
2026-01-27,SAR,NGN,sell,373.6589
2026-01-27,USD,NGN,buy,1400.2209
2026-01-27,USD,NGN,middle,1400.7209
2026-01-27,USD,NGN,sell,1401.2209
2026-01-27,XDR,NGN,buy,1928.9443
2026-01-27,XDR,NGN,middle,1929.6331
2026-01-27,XDR,NGN,sell,1930.3219
2026-01-27,XOF,NGN,buy,2.5394
2026-01-27,XOF,NGN,middle,2.5494
2026-01-27,XOF,NGN,sell,2.5594
2026-01-27,XUA,NGN,buy,1952.5943
2026-01-27,XUA,NGN,middle,1953.2916
2026-01-27,XUA,NGN,sell,1953.9888
2026-01-27,ZAR,NGN,buy,87.5554
2026-01-27,ZAR,NGN,middle,87.5867
2026-01-27,ZAR,NGN,sell,87.6179
2026-01-28,CHF,NGN,buy,1821.9982
2026-01-28,CHF,NGN,middle,1822.6491
2026-01-28,CHF,NGN,sell,1823.3001
2026-01-28,CNY,NGN,buy,201.4621
2026-01-28,CNY,NGN,middle,201.5341
2026-01-28,CNY,NGN,sell,201.6061
2026-01-28,DKK,NGN,buy,224.1889
2026-01-28,DKK,NGN,middle,224.269
2026-01-28,DKK,NGN,sell,224.3491
2026-01-28,EUR,NGN,buy,1674.334
2026-01-28,EUR,NGN,middle,1674.9322
2026-01-28,EUR,NGN,sell,1675.5304
2026-01-28,GBP,NGN,buy,1928.619
2026-01-28,GBP,NGN,middle,1929.308
2026-01-28,GBP,NGN,sell,1929.9971
2026-01-28,JPY,NGN,buy,9.1649
2026-01-28,JPY,NGN,middle,9.1682
2026-01-28,JPY,NGN,sell,9.1714
2026-01-28,SAR,NGN,buy,372.7962
2026-01-28,SAR,NGN,middle,372.9294
2026-01-28,SAR,NGN,sell,373.0625
2026-01-28,USD,NGN,buy,1399.4768
2026-01-28,USD,NGN,middle,1399.9768
2026-01-28,USD,NGN,sell,1400.4768
2026-01-28,XDR,NGN,buy,1930.4383
2026-01-28,XDR,NGN,middle,1931.128
2026-01-28,XDR,NGN,sell,1931.8177
2026-01-28,XOF,NGN,buy,2.5273
2026-01-28,XOF,NGN,middle,2.5373
2026-01-28,XOF,NGN,sell,2.5473
2026-01-28,XUA,NGN,buy,1930.7048
2026-01-28,XUA,NGN,middle,1931.3946
2026-01-28,XUA,NGN,sell,1932.0844
2026-01-28,ZAR,NGN,buy,88.0135
2026-01-28,ZAR,NGN,middle,88.045
2026-01-28,ZAR,NGN,sell,88.0764
2026-01-29,CHF,NGN,buy,1821.9667
2026-01-29,CHF,NGN,middle,1822.6193
2026-01-29,CHF,NGN,sell,1823.2719
2026-01-29,CNY,NGN,buy,200.8967
2026-01-29,CNY,NGN,middle,200.9686
2026-01-29,CNY,NGN,sell,201.0406
2026-01-29,DKK,NGN,buy,223.6986
2026-01-29,DKK,NGN,middle,223.7787
2026-01-29,DKK,NGN,sell,223.8588
2026-01-29,EUR,NGN,buy,1670.5823
2026-01-29,EUR,NGN,middle,1671.1807
2026-01-29,EUR,NGN,sell,1671.779
2026-01-29,GBP,NGN,buy,1930.6554
2026-01-29,GBP,NGN,middle,1931.3469
2026-01-29,GBP,NGN,sell,1932.0384
2026-01-29,JPY,NGN,buy,9.12
2026-01-29,JPY,NGN,middle,9.1232
2026-01-29,JPY,NGN,sell,9.1265
2026-01-29,SAR,NGN,buy,372.2047
2026-01-29,SAR,NGN,middle,372.338
2026-01-29,SAR,NGN,sell,372.4713
2026-01-29,USD,NGN,buy,1395.9909
2026-01-29,USD,NGN,middle,1396.4909
2026-01-29,USD,NGN,sell,1396.9909
2026-01-29,XDR,NGN,buy,1931.2138
2026-01-29,XDR,NGN,middle,1931.9055
2026-01-29,XDR,NGN,sell,1932.5972
2026-01-29,XOF,NGN,buy,2.5356
2026-01-29,XOF,NGN,middle,2.5456
2026-01-29,XOF,NGN,sell,2.5556
2026-01-29,XUA,NGN,buy,1935.2856
2026-01-29,XUA,NGN,middle,1935.9787
2026-01-29,XUA,NGN,sell,1936.6719
2026-01-29,ZAR,NGN,buy,88.9444
2026-01-29,ZAR,NGN,middle,88.9762
2026-01-29,ZAR,NGN,sell,89.0081
2026-01-30,AED,NGN,buy,377.2266
2026-01-30,AED,NGN,middle,377.3627
2026-01-30,AED,NGN,sell,377.4988
2026-01-30,CHF,NGN,buy,1802.6974
2026-01-30,CHF,NGN,middle,1803.3479
2026-01-30,CHF,NGN,sell,1803.9984
2026-01-30,CNY,NGN,buy,199.3458
2026-01-30,CNY,NGN,middle,199.4178
2026-01-30,CNY,NGN,sell,199.4897
2026-01-30,DKK,NGN,buy,221.066
2026-01-30,DKK,NGN,middle,221.1458
2026-01-30,DKK,NGN,sell,221.2255
2026-01-30,EUR,NGN,buy,1651.0252
2026-01-30,EUR,NGN,middle,1651.621
2026-01-30,EUR,NGN,sell,1652.2168
2026-01-30,GBP,NGN,buy,1904.8585
2026-01-30,GBP,NGN,middle,1905.5459
2026-01-30,GBP,NGN,sell,1906.2333
2026-01-30,JPY,NGN,buy,8.9843
2026-01-30,JPY,NGN,middle,8.9875
2026-01-30,JPY,NGN,sell,8.9907
2026-01-30,SAR,NGN,buy,369.3922
2026-01-30,SAR,NGN,middle,369.5255
2026-01-30,SAR,NGN,sell,369.6588
2026-01-30,USD,NGN,buy,1385.5532
2026-01-30,USD,NGN,middle,1386.0532
2026-01-30,USD,NGN,sell,1386.5532
2026-01-30,XDR,NGN,buy,1915.1116
2026-01-30,XDR,NGN,middle,1915.8027
2026-01-30,XDR,NGN,sell,1916.4938
2026-01-30,XOF,NGN,buy,2.5279
2026-01-30,XOF,NGN,middle,2.5379
2026-01-30,XOF,NGN,sell,2.5479
2026-01-30,XUA,NGN,buy,1928.8656
2026-01-30,XUA,NGN,middle,1929.5616
2026-01-30,XUA,NGN,sell,1930.2577
2026-01-30,ZAR,NGN,buy,86.7587
2026-01-30,ZAR,NGN,middle,86.79
2026-01-30,ZAR,NGN,sell,86.8213
2026-02-02,AED,NGN,buy,378.243
2026-02-02,AED,NGN,middle,378.3791
2026-02-02,AED,NGN,sell,378.5152
2026-02-02,CHF,NGN,buy,1784.2073
2026-02-02,CHF,NGN,middle,1784.8494
2026-02-02,CHF,NGN,sell,1785.4915
2026-02-02,CNY,NGN,buy,200.0608
2026-02-02,CNY,NGN,middle,200.1328
2026-02-02,CNY,NGN,sell,200.2048
2026-02-02,DKK,NGN,buy,219.9855
2026-02-02,DKK,NGN,middle,220.0646
2026-02-02,DKK,NGN,sell,220.1438
2026-02-02,EUR,NGN,buy,1643.3376
2026-02-02,EUR,NGN,middle,1643.929
2026-02-02,EUR,NGN,sell,1644.5204
2026-02-02,GBP,NGN,buy,1898.1466
2026-02-02,GBP,NGN,middle,1898.8297
2026-02-02,GBP,NGN,sell,1899.5128
2026-02-02,JPY,NGN,buy,8.9509
2026-02-02,JPY,NGN,middle,8.9541
2026-02-02,JPY,NGN,sell,8.9574
2026-02-02,SAR,NGN,buy,370.4669
2026-02-02,SAR,NGN,middle,370.6003
2026-02-02,SAR,NGN,sell,370.7336
2026-02-02,USD,NGN,buy,1389.3622
2026-02-02,USD,NGN,middle,1389.8622
2026-02-02,USD,NGN,sell,1390.3622
2026-02-02,XDR,NGN,buy,1919.9596
2026-02-02,XDR,NGN,middle,1920.6506
2026-02-02,XDR,NGN,sell,1921.3415
2026-02-02,XOF,NGN,buy,2.4985
2026-02-02,XOF,NGN,middle,2.5085
2026-02-02,XOF,NGN,sell,2.5185
2026-02-02,XUA,NGN,buy,1913.9677
2026-02-02,XUA,NGN,middle,1914.6565
2026-02-02,XUA,NGN,sell,1915.3453
2026-02-02,ZAR,NGN,buy,86.5506
2026-02-02,ZAR,NGN,middle,86.5817
2026-02-02,ZAR,NGN,sell,86.6129
2026-02-03,CHF,NGN,buy,1764.5199
2026-02-03,CHF,NGN,middle,1765.163
2026-02-03,CHF,NGN,sell,1765.806
2026-02-03,CNY,NGN,buy,197.6964
2026-02-03,CNY,NGN,middle,197.7685
2026-02-03,CNY,NGN,sell,197.8405
2026-02-03,DKK,NGN,buy,216.6808
2026-02-03,DKK,NGN,middle,216.7597
2026-02-03,DKK,NGN,sell,216.8387
2026-02-03,EUR,NGN,buy,1618.5844
2026-02-03,EUR,NGN,middle,1619.1743
2026-02-03,EUR,NGN,sell,1619.7642
2026-02-03,GBP,NGN,buy,1876.2299
2026-02-03,GBP,NGN,middle,1876.9137
2026-02-03,GBP,NGN,sell,1877.5975
2026-02-03,JPY,NGN,buy,8.8005
2026-02-03,JPY,NGN,middle,8.8037
2026-02-03,JPY,NGN,sell,8.8069
2026-02-03,SAR,NGN,buy,365.8243
2026-02-03,SAR,NGN,middle,365.9576
2026-02-03,SAR,NGN,sell,366.0909
2026-02-03,USD,NGN,buy,1371.9142
2026-02-03,USD,NGN,middle,1372.4142
2026-02-03,USD,NGN,sell,1372.9142
2026-02-03,XDR,NGN,buy,1890.0862
2026-02-03,XDR,NGN,middle,1890.775
2026-02-03,XDR,NGN,sell,1891.4639
2026-02-03,XOF,NGN,buy,2.4887
2026-02-03,XOF,NGN,middle,2.4987
2026-02-03,XOF,NGN,sell,2.5087
2026-02-03,XUA,NGN,buy,1913.4324
2026-02-03,XUA,NGN,middle,1914.1297
2026-02-03,XUA,NGN,sell,1914.8271
2026-02-03,ZAR,NGN,buy,85.9536
2026-02-03,ZAR,NGN,middle,85.9849
2026-02-03,ZAR,NGN,sell,86.0163
2026-02-04,AED,NGN,buy,369.4999
2026-02-04,AED,NGN,middle,369.636
2026-02-04,AED,NGN,sell,369.7721
2026-02-04,CHF,NGN,buy,1749.7536
2026-02-04,CHF,NGN,middle,1750.3982
2026-02-04,CHF,NGN,sell,1751.0428
2026-02-04,CNY,NGN,buy,195.5177
2026-02-04,CNY,NGN,middle,195.5897
2026-02-04,CNY,NGN,sell,195.6618
2026-02-04,DKK,NGN,buy,214.9063
2026-02-04,DKK,NGN,middle,214.9855
2026-02-04,DKK,NGN,sell,215.0647
2026-02-04,EUR,NGN,buy,1604.8525
2026-02-04,EUR,NGN,middle,1605.4437
2026-02-04,EUR,NGN,sell,1606.0349
2026-02-04,GBP,NGN,buy,1862.0578
2026-02-04,GBP,NGN,middle,1862.7437
2026-02-04,GBP,NGN,sell,1863.4297
2026-02-04,JPY,NGN,buy,8.6727
2026-02-04,JPY,NGN,middle,8.6759
2026-02-04,JPY,NGN,sell,8.6791
2026-02-04,SAR,NGN,buy,361.9231
2026-02-04,SAR,NGN,middle,362.0564
2026-02-04,SAR,NGN,sell,362.1897
2026-02-04,USD,NGN,buy,1357.2839
2026-02-04,USD,NGN,middle,1357.7839
2026-02-04,USD,NGN,sell,1358.2839
2026-02-04,XDR,NGN,buy,1864.9081
2026-02-04,XDR,NGN,middle,1865.5951
2026-02-04,XDR,NGN,sell,1866.2821
2026-02-04,XOF,NGN,buy,2.4491
2026-02-04,XOF,NGN,middle,2.4591
2026-02-04,XOF,NGN,sell,2.4691
2026-02-04,XUA,NGN,buy,1884.2539
2026-02-04,XUA,NGN,middle,1884.9481
2026-02-04,XUA,NGN,sell,1885.6422
2026-02-04,ZAR,NGN,buy,85.2699
2026-02-04,ZAR,NGN,middle,85.3013
2026-02-04,ZAR,NGN,sell,85.3327
2026-02-05,AED,NGN,buy,371.6161
2026-02-05,AED,NGN,middle,371.7522
2026-02-05,AED,NGN,sell,371.8883
2026-02-05,CHF,NGN,buy,1758.4147
2026-02-05,CHF,NGN,middle,1759.0587
2026-02-05,CHF,NGN,sell,1759.7028
2026-02-05,CNY,NGN,buy,196.7282
2026-02-05,CNY,NGN,middle,196.8002
2026-02-05,CNY,NGN,sell,196.8723
2026-02-05,DKK,NGN,buy,215.6829
2026-02-05,DKK,NGN,middle,215.7619
2026-02-05,DKK,NGN,sell,215.8409
2026-02-05,EUR,NGN,buy,1610.7676
2026-02-05,EUR,NGN,middle,1611.3576
2026-02-05,EUR,NGN,sell,1611.9476
2026-02-05,GBP,NGN,buy,1854.0208
2026-02-05,GBP,NGN,middle,1854.6999
2026-02-05,GBP,NGN,sell,1855.379
2026-02-05,JPY,NGN,buy,8.7057
2026-02-05,JPY,NGN,middle,8.7089
2026-02-05,JPY,NGN,sell,8.7121
2026-02-05,SAR,NGN,buy,363.9959
2026-02-05,SAR,NGN,middle,364.1292
2026-02-05,SAR,NGN,sell,364.2625
2026-02-05,USD,NGN,buy,1365.0573
2026-02-05,USD,NGN,middle,1365.5573
2026-02-05,USD,NGN,sell,1366.0573
2026-02-05,XDR,NGN,buy,1876.5443
2026-02-05,XDR,NGN,middle,1877.2316
2026-02-05,XDR,NGN,sell,1877.919
2026-02-05,XOF,NGN,buy,2.4267
2026-02-05,XOF,NGN,middle,2.4367
2026-02-05,XOF,NGN,sell,2.4467
2026-02-05,XUA,NGN,buy,1865.2063
2026-02-05,XUA,NGN,middle,1865.8895
2026-02-05,XUA,NGN,sell,1866.5727
2026-02-05,ZAR,NGN,buy,84.3842
2026-02-05,ZAR,NGN,middle,84.4151
2026-02-05,ZAR,NGN,sell,84.446
2026-02-06,AED,NGN,buy,371.6537
2026-02-06,AED,NGN,middle,371.7898
2026-02-06,AED,NGN,sell,371.9259
2026-02-06,CHF,NGN,buy,1755.4268
2026-02-06,CHF,NGN,middle,1756.0697
2026-02-06,CHF,NGN,sell,1756.7126
2026-02-06,CNY,NGN,buy,196.7395
2026-02-06,CNY,NGN,middle,196.8116
2026-02-06,CNY,NGN,sell,196.8837
2026-02-06,DKK,NGN,buy,215.7423
2026-02-06,DKK,NGN,middle,215.8213
2026-02-06,DKK,NGN,sell,215.9003
2026-02-06,EUR,NGN,buy,1611.3401
2026-02-06,EUR,NGN,middle,1611.9303
2026-02-06,EUR,NGN,sell,1612.5204
2026-02-06,GBP,NGN,buy,1856.3927
2026-02-06,GBP,NGN,middle,1857.0726
2026-02-06,GBP,NGN,sell,1857.7525
2026-02-06,JPY,NGN,buy,8.6922
2026-02-06,JPY,NGN,middle,8.6954
2026-02-06,JPY,NGN,sell,8.6986
2026-02-06,SAR,NGN,buy,364.0133
2026-02-06,SAR,NGN,middle,364.1466
2026-02-06,SAR,NGN,sell,364.2799
2026-02-06,USD,NGN,buy,1365.1954
2026-02-06,USD,NGN,middle,1365.6954
2026-02-06,USD,NGN,sell,1366.1954
2026-02-06,XDR,NGN,buy,1876.7341
2026-02-06,XDR,NGN,middle,1877.4215
2026-02-06,XDR,NGN,sell,1878.1088
2026-02-06,XOF,NGN,buy,2.4267
2026-02-06,XOF,NGN,middle,2.4367
2026-02-06,XOF,NGN,sell,2.4467
2026-02-06,XUA,NGN,buy,1865.2063
2026-02-06,XUA,NGN,middle,1865.8895
2026-02-06,XUA,NGN,sell,1866.5726
2026-02-06,ZAR,NGN,buy,84.6964
2026-02-06,ZAR,NGN,middle,84.7274
2026-02-06,ZAR,NGN,sell,84.7584
2026-02-09,AED,NGN,buy,368.4037
2026-02-09,AED,NGN,middle,368.5398
2026-02-09,AED,NGN,sell,368.676
2026-02-09,CHF,NGN,buy,1762.5129
2026-02-09,CHF,NGN,middle,1763.1641
2026-02-09,CHF,NGN,sell,1763.8153
2026-02-09,CNY,NGN,buy,195.4699
2026-02-09,CNY,NGN,middle,195.5421
2026-02-09,CNY,NGN,sell,195.6143
2026-02-09,DKK,NGN,buy,215.7892
2026-02-09,DKK,NGN,middle,215.869
2026-02-09,DKK,NGN,sell,215.9487
2026-02-09,EUR,NGN,buy,1612.0002
2026-02-09,EUR,NGN,middle,1612.5958
2026-02-09,EUR,NGN,sell,1613.1914
2026-02-09,GBP,NGN,buy,1844.3545
2026-02-09,GBP,NGN,middle,1845.036
2026-02-09,GBP,NGN,sell,1845.7174
2026-02-09,JPY,NGN,buy,8.6875
2026-02-09,JPY,NGN,middle,8.6907
2026-02-09,JPY,NGN,sell,8.694
2026-02-09,SAR,NGN,buy,360.8109
2026-02-09,SAR,NGN,middle,360.9442
2026-02-09,SAR,NGN,sell,361.0775
2026-02-09,USD,NGN,buy,1353.2574
2026-02-09,USD,NGN,middle,1353.7574
2026-02-09,USD,NGN,sell,1354.2574
2026-02-09,XDR,NGN,buy,1857.7518
2026-02-09,XDR,NGN,middle,1858.4382
2026-02-09,XDR,NGN,sell,1859.1246
2026-02-09,XOF,NGN,buy,2.4355
2026-02-09,XOF,NGN,middle,2.4455
2026-02-09,XOF,NGN,sell,2.4555
2026-02-09,XUA,NGN,buy,1873.4559
2026-02-09,XUA,NGN,middle,1874.1481
2026-02-09,XUA,NGN,sell,1874.8403
2026-02-09,ZAR,NGN,buy,84.6802
2026-02-09,ZAR,NGN,middle,84.7115
2026-02-09,ZAR,NGN,sell,84.7428
2026-02-10,AED,NGN,buy,367.5425
2026-02-10,AED,NGN,middle,367.6787
2026-02-10,AED,NGN,sell,367.8148
2026-02-10,CHF,NGN,buy,1759.4429
2026-02-10,CHF,NGN,middle,1760.0945
2026-02-10,CHF,NGN,sell,1760.7461
2026-02-10,CNY,NGN,buy,195.3324
2026-02-10,CNY,NGN,middle,195.4048
2026-02-10,CNY,NGN,sell,195.4771
2026-02-10,DKK,NGN,buy,214.8277
2026-02-10,DKK,NGN,middle,214.9073
2026-02-10,DKK,NGN,sell,214.9869
2026-02-10,EUR,NGN,buy,1605.3094
2026-02-10,EUR,NGN,middle,1605.9039
2026-02-10,EUR,NGN,sell,1606.4985
2026-02-10,GBP,NGN,buy,1845.208
2026-02-10,GBP,NGN,middle,1845.8914
2026-02-10,GBP,NGN,sell,1846.5748
2026-02-10,JPY,NGN,buy,8.7008
2026-02-10,JPY,NGN,middle,8.7041
2026-02-10,JPY,NGN,sell,8.7073
2026-02-10,SAR,NGN,buy,359.9095
2026-02-10,SAR,NGN,middle,360.0428
2026-02-10,SAR,NGN,sell,360.1761
2026-02-10,USD,NGN,buy,1350.0205
2026-02-10,USD,NGN,middle,1350.5205
2026-02-10,USD,NGN,sell,1351.0205
2026-02-10,XDR,NGN,buy,1858.9782
2026-02-10,XDR,NGN,middle,1859.6667
2026-02-10,XDR,NGN,sell,1860.3552
2026-02-10,XOF,NGN,buy,2.1962
2026-02-10,XOF,NGN,middle,2.2062
2026-02-10,XOF,NGN,sell,2.2162
2026-02-10,XUA,NGN,buy,1682.8639
2026-02-10,XUA,NGN,middle,1683.4871
2026-02-10,XUA,NGN,sell,1684.1104
2026-02-10,ZAR,NGN,buy,84.5057
2026-02-10,ZAR,NGN,middle,84.537
2026-02-10,ZAR,NGN,sell,84.5683
2026-02-11,AED,NGN,buy,366.9597
2026-02-11,AED,NGN,middle,367.0958
2026-02-11,AED,NGN,sell,367.2319
2026-02-11,CHF,NGN,buy,1749.2251
2026-02-11,CHF,NGN,middle,1749.874
2026-02-11,CHF,NGN,sell,1750.5228
2026-02-11,CNY,NGN,buy,194.9317
2026-02-11,CNY,NGN,middle,195.004
2026-02-11,CNY,NGN,sell,195.0763
2026-02-11,DKK,NGN,buy,214.0253
2026-02-11,DKK,NGN,middle,214.1047
2026-02-11,DKK,NGN,sell,214.1841
2026-02-11,EUR,NGN,buy,1598.9417
2026-02-11,EUR,NGN,middle,1599.5348
2026-02-11,EUR,NGN,sell,1600.1279
2026-02-11,GBP,NGN,buy,1838.7426
2026-02-11,GBP,NGN,middle,1839.4246
2026-02-11,GBP,NGN,sell,1840.1067
2026-02-11,JPY,NGN,buy,8.7603
2026-02-11,JPY,NGN,middle,8.7636
2026-02-11,JPY,NGN,sell,8.7668
2026-02-11,SAR,NGN,buy,359.4158
2026-02-11,SAR,NGN,middle,359.5491
2026-02-11,SAR,NGN,sell,359.6824
2026-02-11,USD,NGN,buy,1347.9529
2026-02-11,USD,NGN,middle,1348.4529
2026-02-11,USD,NGN,sell,1348.9529
2026-02-11,XDR,NGN,buy,1859.2314
2026-02-11,XDR,NGN,middle,1859.9211
2026-02-11,XDR,NGN,sell,1860.6107
2026-02-11,XOF,NGN,buy,2.4288
2026-02-11,XOF,NGN,middle,2.4388
2026-02-11,XOF,NGN,sell,2.4488
2026-02-11,XUA,NGN,buy,1861.365
2026-02-11,XUA,NGN,middle,1862.0555
2026-02-11,XUA,NGN,sell,1862.7459
2026-02-11,ZAR,NGN,buy,84.6731
2026-02-11,ZAR,NGN,middle,84.7045
2026-02-11,ZAR,NGN,sell,84.7359
2026-02-12,CHF,NGN,buy,1760.5826
2026-02-12,CHF,NGN,middle,1761.2334
2026-02-12,CHF,NGN,sell,1761.8842
2026-02-12,CNY,NGN,buy,196.003
2026-02-12,CNY,NGN,middle,196.0754
2026-02-12,CNY,NGN,sell,196.1479
2026-02-12,DKK,NGN,buy,215.1478
2026-02-12,DKK,NGN,middle,215.2273
2026-02-12,DKK,NGN,sell,215.3068
2026-02-12,EUR,NGN,buy,1607.4959
2026-02-12,EUR,NGN,middle,1608.0901
2026-02-12,EUR,NGN,sell,1608.6843
2026-02-12,GBP,NGN,buy,1848.2686
2026-02-12,GBP,NGN,middle,1848.9518
2026-02-12,GBP,NGN,sell,1849.635
2026-02-12,JPY,NGN,buy,8.8351
2026-02-12,JPY,NGN,middle,8.8384
2026-02-12,JPY,NGN,sell,8.8416
2026-02-12,SAR,NGN,buy,360.6697
2026-02-12,SAR,NGN,middle,360.803
2026-02-12,SAR,NGN,sell,360.9363
2026-02-12,USD,NGN,buy,1352.6556
2026-02-12,USD,NGN,middle,1353.1556
2026-02-12,USD,NGN,sell,1353.6556
2026-02-12,XDR,NGN,buy,1867.6116
2026-02-12,XDR,NGN,middle,1868.3019
2026-02-12,XDR,NGN,sell,1868.9923
2026-02-12,XOF,NGN,buy,2.4263
2026-02-12,XOF,NGN,middle,2.4363
2026-02-12,XOF,NGN,sell,2.4463
2026-02-12,XUA,NGN,buy,1860.447
2026-02-12,XUA,NGN,middle,1861.1347
2026-02-12,XUA,NGN,sell,1861.8224
2026-02-12,ZAR,NGN,buy,85.4607
2026-02-12,ZAR,NGN,middle,85.4923
2026-02-12,ZAR,NGN,sell,85.5239
2026-02-13,AED,NGN,buy,368.7197
2026-02-13,AED,NGN,middle,368.8558
2026-02-13,AED,NGN,sell,368.9919
2026-02-13,CHF,NGN,buy,1761.0429
2026-02-13,CHF,NGN,middle,1761.693
2026-02-13,CHF,NGN,sell,1762.3431
2026-02-13,CNY,NGN,buy,196.0283
2026-02-13,CNY,NGN,middle,196.1006
2026-02-13,CNY,NGN,sell,196.173
2026-02-13,DKK,NGN,buy,215.0211
2026-02-13,DKK,NGN,middle,215.1005
2026-02-13,DKK,NGN,sell,215.1799
2026-02-13,EUR,NGN,buy,1606.7462
2026-02-13,EUR,NGN,middle,1607.3393
2026-02-13,EUR,NGN,sell,1607.9325
2026-02-13,GBP,NGN,buy,1843.2276
2026-02-13,GBP,NGN,middle,1843.908
2026-02-13,GBP,NGN,sell,1844.5885
2026-02-13,JPY,NGN,buy,8.8357
2026-02-13,JPY,NGN,middle,8.8389
2026-02-13,JPY,NGN,sell,8.8422
2026-02-13,SAR,NGN,buy,361.1493
2026-02-13,SAR,NGN,middle,361.2826
2026-02-13,SAR,NGN,sell,361.4159
2026-02-13,USD,NGN,buy,1354.4181
2026-02-13,USD,NGN,middle,1354.9181
2026-02-13,USD,NGN,sell,1355.4181
2026-02-13,XDR,NGN,buy,1868.9344
2026-02-13,XDR,NGN,middle,1869.6244
2026-02-13,XDR,NGN,sell,1870.3143
2026-02-13,XOF,NGN,buy,2.4295
2026-02-13,XOF,NGN,middle,2.4395
2026-02-13,XOF,NGN,sell,2.4495
2026-02-13,XUA,NGN,buy,1865.8147
2026-02-13,XUA,NGN,middle,1866.5035
2026-02-13,XUA,NGN,sell,1867.1923
2026-02-13,ZAR,NGN,buy,84.4922
2026-02-13,ZAR,NGN,middle,84.5234
2026-02-13,ZAR,NGN,sell,84.5546
2026-02-16,AED,NGN,buy,366.6104
2026-02-16,AED,NGN,middle,366.7465
2026-02-16,AED,NGN,sell,366.8826
2026-02-16,CHF,NGN,buy,1748.3835
2026-02-16,CHF,NGN,middle,1749.0326
2026-02-16,CHF,NGN,sell,1749.6817
2026-02-16,CNY,NGN,buy,194.9228
2026-02-16,CNY,NGN,middle,194.9951
2026-02-16,CNY,NGN,sell,195.0675
2026-02-16,DKK,NGN,buy,213.7203
2026-02-16,DKK,NGN,middle,213.7996
2026-02-16,DKK,NGN,sell,213.879
2026-02-16,EUR,NGN,buy,1596.8768
2026-02-16,EUR,NGN,middle,1597.4697
2026-02-16,EUR,NGN,sell,1598.0625
2026-02-16,GBP,NGN,buy,1837.8157
2026-02-16,GBP,NGN,middle,1838.498
2026-02-16,GBP,NGN,sell,1839.1803
2026-02-16,JPY,NGN,buy,8.783
2026-02-16,JPY,NGN,middle,8.7862
2026-02-16,JPY,NGN,sell,8.7895
2026-02-16,SAR,NGN,buy,359.1126
2026-02-16,SAR,NGN,middle,359.2459
2026-02-16,SAR,NGN,sell,359.3792
2026-02-16,USD,NGN,buy,1346.7798
2026-02-16,USD,NGN,middle,1347.2798
2026-02-16,USD,NGN,sell,1347.7798
2026-02-16,XDR,NGN,buy,1856.2666
2026-02-16,XDR,NGN,middle,1856.9557
2026-02-16,XDR,NGN,sell,1857.6449
2026-02-16,XOF,NGN,buy,2.4302
2026-02-16,XOF,NGN,middle,2.4402
2026-02-16,XOF,NGN,sell,2.4502
2026-02-16,XUA,NGN,buy,1866.0845
2026-02-16,XUA,NGN,middle,1866.7773
2026-02-16,XUA,NGN,sell,1867.4701
2026-02-16,ZAR,NGN,buy,84.4503
2026-02-16,ZAR,NGN,middle,84.4817
2026-02-16,ZAR,NGN,sell,84.513
2026-02-17,AED,NGN,buy,363.422
2026-02-17,AED,NGN,middle,363.5581
2026-02-17,AED,NGN,sell,363.6942
2026-02-17,CHF,NGN,buy,1729.8924
2026-02-17,CHF,NGN,middle,1730.5404
2026-02-17,CHF,NGN,sell,1731.1883
2026-02-17,CNY,NGN,buy,193.2118
2026-02-17,CNY,NGN,middle,193.2841
2026-02-17,CNY,NGN,sell,193.3565
2026-02-17,DKK,NGN,buy,211.2175
2026-02-17,DKK,NGN,middle,211.2966
2026-02-17,DKK,NGN,sell,211.3757
2026-02-17,EUR,NGN,buy,1578.0539
2026-02-17,EUR,NGN,middle,1578.6449
2026-02-17,EUR,NGN,sell,1579.236
2026-02-17,GBP,NGN,buy,1805.3972
2026-02-17,GBP,NGN,middle,1806.0734
2026-02-17,GBP,NGN,sell,1806.7496
2026-02-17,JPY,NGN,buy,8.7019
2026-02-17,JPY,NGN,middle,8.7052
2026-02-17,JPY,NGN,sell,8.7084
2026-02-17,SAR,NGN,buy,355.9603
2026-02-17,SAR,NGN,middle,356.0936
2026-02-17,SAR,NGN,sell,356.227
2026-02-17,USD,NGN,buy,1334.958
2026-02-17,USD,NGN,middle,1335.458
2026-02-17,USD,NGN,sell,1335.958
2026-02-17,XDR,NGN,buy,1839.9726
2026-02-17,XDR,NGN,middle,1840.6618
2026-02-17,XDR,NGN,sell,1841.3509
2026-02-17,XOF,NGN,buy,2.4163
2026-02-17,XOF,NGN,middle,2.4263
2026-02-17,XOF,NGN,sell,2.4363
2026-02-17,XUA,NGN,buy,1855.5523
2026-02-17,XUA,NGN,middle,1856.2473
2026-02-17,XUA,NGN,sell,1856.9423
2026-02-17,ZAR,NGN,buy,83.0461
2026-02-17,ZAR,NGN,middle,83.0772
2026-02-17,ZAR,NGN,sell,83.1083
2026-02-18,AED,NGN,buy,364.0069
2026-02-18,AED,NGN,middle,364.143
2026-02-18,AED,NGN,sell,364.2791
2026-02-18,CHF,NGN,buy,1735.15
2026-02-18,CHF,NGN,middle,1735.7989
2026-02-18,CHF,NGN,sell,1736.4477
2026-02-18,CNY,NGN,buy,193.5227
2026-02-18,CNY,NGN,middle,193.5951
2026-02-18,CNY,NGN,sell,193.6675
2026-02-18,DKK,NGN,buy,211.9633
2026-02-18,DKK,NGN,middle,212.0425
2026-02-18,DKK,NGN,sell,212.1218
2026-02-18,EUR,NGN,buy,1583.9365
2026-02-18,EUR,NGN,middle,1584.5288
2026-02-18,EUR,NGN,sell,1585.1211
2026-02-18,GBP,NGN,buy,1815.6571
2026-02-18,GBP,NGN,middle,1816.336
2026-02-18,GBP,NGN,sell,1817.015
2026-02-18,JPY,NGN,buy,8.7012
2026-02-18,JPY,NGN,middle,8.7044
2026-02-18,JPY,NGN,sell,8.7077
2026-02-18,SAR,NGN,buy,356.5142
2026-02-18,SAR,NGN,middle,356.6475
2026-02-18,SAR,NGN,sell,356.7809
2026-02-18,USD,NGN,buy,1337.1066
2026-02-18,USD,NGN,middle,1337.6066
2026-02-18,USD,NGN,sell,1338.1066
2026-02-18,XDR,NGN,buy,1842.934
2026-02-18,XDR,NGN,middle,1843.6232
2026-02-18,XDR,NGN,sell,1844.3123
2026-02-18,XOF,NGN,buy,2.4228
2026-02-18,XOF,NGN,middle,2.4328
2026-02-18,XOF,NGN,sell,2.4428
2026-02-18,XUA,NGN,buy,1860.431
2026-02-18,XUA,NGN,middle,1861.1267
2026-02-18,XUA,NGN,sell,1861.8224
2026-02-18,ZAR,NGN,buy,83.4549
2026-02-18,ZAR,NGN,middle,83.4861
2026-02-18,ZAR,NGN,sell,83.5173
2026-02-19,AED,NGN,buy,364.8901
2026-02-19,AED,NGN,middle,365.0262
2026-02-19,AED,NGN,sell,365.1624
2026-02-19,CHF,NGN,buy,1728.1471
2026-02-19,CHF,NGN,middle,1728.7918
2026-02-19,CHF,NGN,sell,1729.4364
2026-02-19,CNY,NGN,buy,193.9923
2026-02-19,CNY,NGN,middle,194.0647
2026-02-19,CNY,NGN,sell,194.137
2026-02-19,DKK,NGN,buy,210.9261
2026-02-19,DKK,NGN,middle,211.0048
2026-02-19,DKK,NGN,sell,211.0835
2026-02-19,EUR,NGN,buy,1576.1186
2026-02-19,EUR,NGN,middle,1576.7066
2026-02-19,EUR,NGN,sell,1577.2945
2026-02-19,GBP,NGN,buy,1804.5144
2026-02-19,GBP,NGN,middle,1805.1876
2026-02-19,GBP,NGN,sell,1805.8607
2026-02-19,JPY,NGN,buy,8.6524
2026-02-19,JPY,NGN,middle,8.6557
2026-02-19,JPY,NGN,sell,8.6589
2026-02-19,SAR,NGN,buy,357.3602
2026-02-19,SAR,NGN,middle,357.4935
2026-02-19,SAR,NGN,sell,357.6268
2026-02-19,USD,NGN,buy,1340.3509
2026-02-19,USD,NGN,middle,1340.8509
2026-02-19,USD,NGN,sell,1341.3509
2026-02-19,XDR,NGN,buy,1847.4056
2026-02-19,XDR,NGN,middle,1848.0948
2026-02-19,XDR,NGN,sell,1848.7839
2026-02-19,XOF,NGN,buy,2.3954
2026-02-19,XOF,NGN,middle,2.4054
2026-02-19,XOF,NGN,sell,2.4154
2026-02-19,XUA,NGN,buy,1841.1394
2026-02-19,XUA,NGN,middle,1841.8262
2026-02-19,XUA,NGN,sell,1842.513
2026-02-19,ZAR,NGN,buy,84.0472
2026-02-19,ZAR,NGN,middle,84.0785
2026-02-19,ZAR,NGN,sell,84.1099
2026-02-20,AED,NGN,buy,366.2438
2026-02-20,AED,NGN,middle,366.3799
2026-02-20,AED,NGN,sell,366.516
2026-02-20,CHF,NGN,buy,1733.6642
2026-02-20,CHF,NGN,middle,1734.3085
2026-02-20,CHF,NGN,sell,1734.9528
2026-02-20,CNY,NGN,buy,194.712
2026-02-20,CNY,NGN,middle,194.7843
2026-02-20,CNY,NGN,sell,194.8567
2026-02-20,DKK,NGN,buy,211.902
2026-02-20,DKK,NGN,middle,211.9808
2026-02-20,DKK,NGN,sell,212.0595
2026-02-20,EUR,NGN,buy,1583.4456
2026-02-20,EUR,NGN,middle,1584.0341
2026-02-20,EUR,NGN,sell,1584.6226
2026-02-20,GBP,NGN,buy,1813.8995
2026-02-20,GBP,NGN,middle,1814.5737
2026-02-20,GBP,NGN,sell,1815.2478
2026-02-20,JPY,NGN,buy,8.6683
2026-02-20,JPY,NGN,middle,8.6715
2026-02-20,JPY,NGN,sell,8.6748
2026-02-20,SAR,NGN,buy,358.6381
2026-02-20,SAR,NGN,middle,358.7714
2026-02-20,SAR,NGN,sell,358.9047
2026-02-20,USD,NGN,buy,1345.3234
2026-02-20,USD,NGN,middle,1345.8234
2026-02-20,USD,NGN,sell,1346.3234
2026-02-20,XDR,NGN,buy,1848.0708
2026-02-20,XDR,NGN,middle,1848.7576
2026-02-20,XDR,NGN,sell,1849.4445
2026-02-20,XOF,NGN,buy,2.3825
2026-02-20,XOF,NGN,middle,2.3925
2026-02-20,XOF,NGN,sell,2.4025
2026-02-20,XUA,NGN,buy,1840.599
2026-02-20,XUA,NGN,middle,1841.283
2026-02-20,XUA,NGN,sell,1841.9671
2026-02-20,ZAR,NGN,buy,83.5599
2026-02-20,ZAR,NGN,middle,83.591
2026-02-20,ZAR,NGN,sell,83.6221
2026-02-23,AED,NGN,buy,367.0465
2026-02-23,AED,NGN,middle,367.1826
2026-02-23,AED,NGN,sell,367.3187
2026-02-23,CHF,NGN,buy,1738.7609
2026-02-23,CHF,NGN,middle,1739.4057
2026-02-23,CHF,NGN,sell,1740.0506
2026-02-23,CNY,NGN,buy,195.1334
2026-02-23,CNY,NGN,middle,195.2058
2026-02-23,CNY,NGN,sell,195.2781
2026-02-23,DKK,NGN,buy,212.8165
2026-02-23,DKK,NGN,middle,212.8954
2026-02-23,DKK,NGN,sell,212.9744
2026-02-23,EUR,NGN,buy,1590.2434
2026-02-23,EUR,NGN,middle,1590.8332
2026-02-23,EUR,NGN,sell,1591.4229
2026-02-23,GBP,NGN,buy,1820.522
2026-02-23,GBP,NGN,middle,1821.1971
2026-02-23,GBP,NGN,sell,1821.8723
2026-02-23,JPY,NGN,buy,8.7169
2026-02-23,JPY,NGN,middle,8.7201
2026-02-23,JPY,NGN,sell,8.7233
2026-02-23,SAR,NGN,buy,359.3665
2026-02-23,SAR,NGN,middle,359.4997
2026-02-23,SAR,NGN,sell,359.633
2026-02-23,USD,NGN,buy,1348.2352
2026-02-23,USD,NGN,middle,1348.7352
2026-02-23,USD,NGN,sell,1349.2352
2026-02-23,XDR,NGN,buy,1850.9921
2026-02-23,XDR,NGN,middle,1851.6786
2026-02-23,XDR,NGN,sell,1852.365
2026-02-23,XOF,NGN,buy,2.3868
2026-02-23,XOF,NGN,middle,2.3968
2026-02-23,XOF,NGN,sell,2.4068
2026-02-23,XUA,NGN,buy,1840.6019
2026-02-23,XUA,NGN,middle,1841.2845
2026-02-23,XUA,NGN,sell,1841.9671
2026-02-23,ZAR,NGN,buy,84.2679
2026-02-23,ZAR,NGN,middle,84.2991
2026-02-23,ZAR,NGN,sell,84.3304
2026-02-24,AED,NGN,buy,368.6777
2026-02-24,AED,NGN,middle,368.8138
2026-02-24,AED,NGN,sell,368.9499
2026-02-24,CHF,NGN,buy,1748.2567
2026-02-24,CHF,NGN,middle,1748.9022
2026-02-24,CHF,NGN,sell,1749.5476
2026-02-24,CNY,NGN,buy,196.7538
2026-02-24,CNY,NGN,middle,196.8264
2026-02-24,CNY,NGN,sell,196.8991
2026-02-24,DKK,NGN,buy,213.4823
2026-02-24,DKK,NGN,middle,213.5611
2026-02-24,DKK,NGN,sell,213.6399
2026-02-24,EUR,NGN,buy,1595.1823
2026-02-24,EUR,NGN,middle,1595.7712
2026-02-24,EUR,NGN,sell,1596.3601
2026-02-24,GBP,NGN,buy,1826.9158
2026-02-24,GBP,NGN,middle,1827.5902
2026-02-24,GBP,NGN,sell,1828.2647
2026-02-24,JPY,NGN,buy,8.6836
2026-02-24,JPY,NGN,middle,8.6868
2026-02-24,JPY,NGN,sell,8.69
2026-02-24,SAR,NGN,buy,361.0221
2026-02-24,SAR,NGN,middle,361.1554
2026-02-24,SAR,NGN,sell,361.2887
2026-02-24,USD,NGN,buy,1354.3745
2026-02-24,USD,NGN,middle,1354.8745
2026-02-24,USD,NGN,sell,1355.3745
2026-02-24,XOF,NGN,buy,2.4029
2026-02-24,XOF,NGN,middle,2.4129
2026-02-24,XOF,NGN,sell,2.4229
2026-02-24,XUA,NGN,buy,1851.9971
2026-02-24,XUA,NGN,middle,1852.6808
2026-02-24,XUA,NGN,sell,1853.3645
2026-02-24,ZAR,NGN,buy,84.5628
2026-02-24,ZAR,NGN,middle,84.594
2026-02-24,ZAR,NGN,sell,84.6252
2026-02-25,AED,NGN,buy,368.9092
2026-02-25,AED,NGN,middle,369.0453
2026-02-25,AED,NGN,sell,369.1814
2026-02-25,CHF,NGN,buy,1749.6631
2026-02-25,CHF,NGN,middle,1750.3087
2026-02-25,CHF,NGN,sell,1750.9543
2026-02-25,CNY,NGN,buy,197.2596
2026-02-25,CNY,NGN,middle,197.3324
2026-02-25,CNY,NGN,sell,197.4051
2026-02-25,DKK,NGN,buy,213.7606
2026-02-25,DKK,NGN,middle,213.8395
2026-02-25,DKK,NGN,sell,213.9184
2026-02-25,EUR,NGN,buy,1597.4085
2026-02-25,EUR,NGN,middle,1597.9979
2026-02-25,EUR,NGN,sell,1598.5873
2026-02-25,GBP,NGN,buy,1833.6049
2026-02-25,GBP,NGN,middle,1834.2814
2026-02-25,GBP,NGN,sell,1834.958
2026-02-25,JPY,NGN,buy,8.65
2026-02-25,JPY,NGN,middle,8.6532
2026-02-25,JPY,NGN,sell,8.6564
2026-02-25,SAR,NGN,buy,361.2482
2026-02-25,SAR,NGN,middle,361.3815
2026-02-25,SAR,NGN,sell,361.5147
2026-02-25,USD,NGN,buy,1355.1141
2026-02-25,USD,NGN,middle,1355.6141
2026-02-25,USD,NGN,sell,1356.1141
2026-02-25,XDR,NGN,buy,1861.5202
2026-02-25,XDR,NGN,middle,1862.2071
2026-02-25,XDR,NGN,sell,1862.8939
2026-02-25,XOF,NGN,buy,2.4125
2026-02-25,XOF,NGN,middle,2.4225
2026-02-25,XOF,NGN,sell,2.4325
2026-02-25,XUA,NGN,buy,1859.8457
2026-02-25,XUA,NGN,middle,1860.532
2026-02-25,XUA,NGN,sell,1861.2182
2026-02-25,ZAR,NGN,buy,85.4962
2026-02-25,ZAR,NGN,middle,85.5277
2026-02-25,ZAR,NGN,sell,85.5592
2026-02-26,AED,NGN,buy,369.9377
2026-02-26,AED,NGN,middle,370.0738
2026-02-26,AED,NGN,sell,370.2099
2026-02-26,CHF,NGN,buy,1755.8058
2026-02-26,CHF,NGN,middle,1756.4519
2026-02-26,CHF,NGN,sell,1757.0979
2026-02-26,CNY,NGN,buy,198.6112
2026-02-26,CNY,NGN,middle,198.6842
2026-02-26,CNY,NGN,sell,198.7573
2026-02-26,DKK,NGN,buy,214.8635
2026-02-26,DKK,NGN,middle,214.9425
2026-02-26,DKK,NGN,sell,215.0216
2026-02-26,EUR,NGN,buy,1605.7153
2026-02-26,EUR,NGN,middle,1606.3062
2026-02-26,EUR,NGN,sell,1606.897
2026-02-26,GBP,NGN,buy,1841.8779
2026-02-26,GBP,NGN,middle,1842.5557
2026-02-26,GBP,NGN,sell,1843.2334
2026-02-26,JPY,NGN,buy,8.7087
2026-02-26,JPY,NGN,middle,8.7119
2026-02-26,JPY,NGN,sell,8.7151
2026-02-26,SAR,NGN,buy,362.3032
2026-02-26,SAR,NGN,middle,362.4365
2026-02-26,SAR,NGN,sell,362.5698
2026-02-26,USD,NGN,buy,1358.8181
2026-02-26,USD,NGN,middle,1359.3181
2026-02-26,USD,NGN,sell,1359.8181
2026-02-26,XDR,NGN,buy,1866.2008
2026-02-26,XDR,NGN,middle,1866.8875
2026-02-26,XDR,NGN,sell,1867.5742
2026-02-26,XOF,NGN,buy,2.4153
2026-02-26,XOF,NGN,middle,2.4253
2026-02-26,XOF,NGN,sell,2.4353
2026-02-26,XUA,NGN,buy,1860.3906
2026-02-26,XUA,NGN,middle,1861.0751
2026-02-26,XUA,NGN,sell,1861.7597
2026-02-26,ZAR,NGN,buy,85.5388
2026-02-26,ZAR,NGN,middle,85.5703
2026-02-26,ZAR,NGN,sell,85.6018
2026-02-27,AED,NGN,buy,370.8813
2026-02-27,AED,NGN,middle,371.0174
2026-02-27,AED,NGN,sell,371.1535
2026-02-27,CHF,NGN,buy,1765.4469
2026-02-27,CHF,NGN,middle,1766.0949
2026-02-27,CHF,NGN,sell,1766.7428
2026-02-27,CNY,NGN,buy,198.6433
2026-02-27,CNY,NGN,middle,198.7162
2026-02-27,CNY,NGN,sell,198.7892
2026-02-27,DKK,NGN,buy,215.1604
2026-02-27,DKK,NGN,middle,215.2393
2026-02-27,DKK,NGN,sell,215.3183
2026-02-27,EUR,NGN,buy,1608.0353
2026-02-27,EUR,NGN,middle,1608.6254
2026-02-27,EUR,NGN,sell,1609.2156
2026-02-27,GBP,NGN,buy,1835.1466
2026-02-27,GBP,NGN,middle,1835.8201
2026-02-27,GBP,NGN,sell,1836.4936
2026-02-27,JPY,NGN,buy,8.7361
2026-02-27,JPY,NGN,middle,8.7393
2026-02-27,JPY,NGN,sell,8.7425
2026-02-27,SAR,NGN,buy,363.2086
2026-02-27,SAR,NGN,middle,363.3419
2026-02-27,SAR,NGN,sell,363.4752
2026-02-27,USD,NGN,buy,1362.3954
2026-02-27,USD,NGN,middle,1362.8954
2026-02-27,USD,NGN,sell,1363.3954
2026-02-27,XDR,NGN,buy,1874.1111
2026-02-27,XDR,NGN,middle,1874.7989
2026-02-27,XDR,NGN,sell,1875.4867
2026-02-27,XOF,NGN,buy,2.4282
2026-02-27,XOF,NGN,middle,2.4382
2026-02-27,XOF,NGN,sell,2.4482
2026-02-27,XUA,NGN,buy,1868.5473
2026-02-27,XUA,NGN,middle,1869.233
2026-02-27,XUA,NGN,sell,1869.9188
2026-02-27,ZAR,NGN,buy,85.4177
2026-02-27,ZAR,NGN,middle,85.4491
2026-02-27,ZAR,NGN,sell,85.4804
2026-03-02,AED,NGN,buy,374.8638
2026-03-02,AED,NGN,middle,374.9999
2026-03-02,AED,NGN,sell,375.136
2026-03-02,CHF,NGN,buy,1769.4996
2026-03-02,CHF,NGN,middle,1770.1421
2026-03-02,CHF,NGN,sell,1770.7846
2026-03-02,CNY,NGN,buy,200.0617
2026-03-02,CNY,NGN,middle,200.1343
2026-03-02,CNY,NGN,sell,200.207
2026-03-02,DKK,NGN,buy,215.6993
2026-03-02,DKK,NGN,middle,215.7777
2026-03-02,DKK,NGN,sell,215.856
2026-03-02,EUR,NGN,buy,1611.8073
2026-03-02,EUR,NGN,middle,1612.3925
2026-03-02,EUR,NGN,sell,1612.9778
2026-03-02,GBP,NGN,buy,1844.7999
2026-03-02,GBP,NGN,middle,1845.4697
2026-03-02,GBP,NGN,sell,1846.1396
2026-03-02,JPY,NGN,buy,8.7413
2026-03-02,JPY,NGN,middle,8.7445
2026-03-02,JPY,NGN,sell,8.7477
2026-03-02,SAR,NGN,buy,366.8153
2026-03-02,SAR,NGN,middle,366.9485
2026-03-02,SAR,NGN,sell,367.0817
2026-03-02,USD,NGN,buy,1377.0246
2026-03-02,USD,NGN,middle,1377.5246
2026-03-02,USD,NGN,sell,1378.0246
2026-03-02,XDR,NGN,buy,1893.1334
2026-03-02,XDR,NGN,middle,1893.8208
2026-03-02,XDR,NGN,sell,1894.5082
2026-03-02,XOF,NGN,buy,2.4328
2026-03-02,XOF,NGN,middle,2.4428
2026-03-02,XOF,NGN,sell,2.4528
2026-03-02,XUA,NGN,buy,1872.308
2026-03-02,XUA,NGN,middle,1872.9879
2026-03-02,XUA,NGN,sell,1873.6677
2026-03-02,ZAR,NGN,buy,85.2626
2026-03-02,ZAR,NGN,middle,85.2935
2026-03-02,ZAR,NGN,sell,85.3245
2026-03-03,AED,NGN,buy,376.5802
2026-03-03,AED,NGN,middle,376.7163
2026-03-03,AED,NGN,sell,376.8524
2026-03-03,CHF,NGN,buy,1761.931
2026-03-03,CHF,NGN,middle,1762.5678
2026-03-03,CHF,NGN,sell,1763.2047
2026-03-03,CNY,NGN,buy,200.4568
2026-03-03,CNY,NGN,middle,200.5292
2026-03-03,CNY,NGN,sell,200.6017
2026-03-03,DKK,NGN,buy,214.7802
2026-03-03,DKK,NGN,middle,214.8579
2026-03-03,DKK,NGN,sell,214.9355
2026-03-03,EUR,NGN,buy,1605.0337
2026-03-03,EUR,NGN,middle,1605.6139
2026-03-03,EUR,NGN,sell,1606.194
2026-03-03,GBP,NGN,buy,1840.885
2026-03-03,GBP,NGN,middle,1841.5504
2026-03-03,GBP,NGN,sell,1842.2158
2026-03-03,JPY,NGN,buy,8.7672
2026-03-03,JPY,NGN,middle,8.7704
2026-03-03,JPY,NGN,sell,8.7736
2026-03-03,SAR,NGN,buy,368.5535
2026-03-03,SAR,NGN,middle,368.6868
2026-03-03,SAR,NGN,sell,368.82
2026-03-03,USD,NGN,buy,1383.292
2026-03-03,USD,NGN,middle,1383.792
2026-03-03,USD,NGN,sell,1384.292
2026-03-03,XDR,NGN,buy,1895.94
2026-03-03,XDR,NGN,middle,1896.6253
2026-03-03,XDR,NGN,sell,1897.3106
2026-03-03,XOF,NGN,buy,2.4366
2026-03-03,XOF,NGN,middle,2.4466
2026-03-03,XOF,NGN,sell,2.4566
2026-03-03,XUA,NGN,buy,1886.63
2026-03-03,XUA,NGN,middle,1887.312
2026-03-03,XUA,NGN,sell,1887.9939
2026-03-03,ZAR,NGN,buy,84.1147
2026-03-03,ZAR,NGN,middle,84.1451
2026-03-03,ZAR,NGN,sell,84.1755
2026-03-04,AED,NGN,buy,377.2818
2026-03-04,AED,NGN,middle,377.4179
2026-03-04,AED,NGN,sell,377.554
2026-03-04,CHF,NGN,buy,1776.3623
2026-03-04,CHF,NGN,middle,1777.0031
2026-03-04,CHF,NGN,sell,1777.6439
2026-03-04,CNY,NGN,buy,200.9475
2026-03-04,CNY,NGN,middle,201.02
2026-03-04,CNY,NGN,sell,201.0924
2026-03-04,DKK,NGN,buy,215.9936
2026-03-04,DKK,NGN,middle,216.0715
2026-03-04,DKK,NGN,sell,216.1494
2026-03-04,EUR,NGN,buy,1614.1082
2026-03-04,EUR,NGN,middle,1614.6905
2026-03-04,EUR,NGN,sell,1615.2727
2026-03-04,GBP,NGN,buy,1853.7641
2026-03-04,GBP,NGN,middle,1854.4328
2026-03-04,GBP,NGN,sell,1855.1015
2026-03-04,JPY,NGN,buy,8.8168
2026-03-04,JPY,NGN,middle,8.82
2026-03-04,JPY,NGN,sell,8.8232
2026-03-04,SAR,NGN,buy,369.2218
2026-03-04,SAR,NGN,middle,369.355
2026-03-04,SAR,NGN,sell,369.4882
2026-03-04,USD,NGN,buy,1386.0955
2026-03-04,USD,NGN,middle,1386.5955
2026-03-04,USD,NGN,sell,1387.0955
2026-03-04,XDR,NGN,buy,1889.8026
2026-03-04,XDR,NGN,middle,1890.4843
2026-03-04,XDR,NGN,sell,1891.166
2026-03-04,XOF,NGN,buy,2.4284
2026-03-04,XOF,NGN,middle,2.4384
2026-03-04,XOF,NGN,sell,2.4484
2026-03-04,XUA,NGN,buy,1885.2881
2026-03-04,XUA,NGN,middle,1885.9681
2026-03-04,XUA,NGN,sell,1886.6482
2026-03-04,ZAR,NGN,buy,84.8756
2026-03-04,ZAR,NGN,middle,84.9063
2026-03-04,ZAR,NGN,sell,84.9369
2026-03-05,AED,NGN,buy,377.4392
2026-03-05,AED,NGN,middle,377.5753
2026-03-05,AED,NGN,sell,377.7115
2026-03-05,CHF,NGN,buy,1774.7664
2026-03-05,CHF,NGN,middle,1775.4064
2026-03-05,CHF,NGN,sell,1776.0465
2026-03-05,CNY,NGN,buy,201.1764
2026-03-05,CNY,NGN,middle,201.249
2026-03-05,CNY,NGN,sell,201.3215
2026-03-05,DKK,NGN,buy,215.317
2026-03-05,DKK,NGN,middle,215.3946
2026-03-05,DKK,NGN,sell,215.4723
2026-03-05,EUR,NGN,buy,1608.695
2026-03-05,EUR,NGN,middle,1609.2752
2026-03-05,EUR,NGN,sell,1609.8553
2026-03-05,GBP,NGN,buy,1851.0461
2026-03-05,GBP,NGN,middle,1851.7136
2026-03-05,GBP,NGN,sell,1852.3812
2026-03-05,JPY,NGN,buy,8.7922
2026-03-05,JPY,NGN,middle,8.7954
2026-03-05,JPY,NGN,sell,8.7986
2026-03-05,SAR,NGN,buy,369.3451
2026-03-05,SAR,NGN,middle,369.4783
2026-03-05,SAR,NGN,sell,369.6115
2026-03-05,USD,NGN,buy,1386.4475
2026-03-05,USD,NGN,middle,1386.9475
2026-03-05,USD,NGN,sell,1387.4475
2026-03-05,XDR,NGN,buy,1894.0259
2026-03-05,XDR,NGN,middle,1894.709
2026-03-05,XDR,NGN,sell,1895.392
2026-03-05,XOF,NGN,buy,2.4424
2026-03-05,XOF,NGN,middle,2.4524
2026-03-05,XOF,NGN,sell,2.4624
2026-03-05,XUA,NGN,buy,1892.7936
2026-03-05,XUA,NGN,middle,1893.4762
2026-03-05,XUA,NGN,sell,1894.1588
2026-03-05,ZAR,NGN,buy,83.5521
2026-03-05,ZAR,NGN,middle,83.5823
2026-03-05,ZAR,NGN,sell,83.6124
2026-03-06,AED,NGN,buy,379.0101
2026-03-06,AED,NGN,middle,379.1462
2026-03-06,AED,NGN,sell,379.2823
2026-03-06,CHF,NGN,buy,1779.6953
2026-03-06,CHF,NGN,middle,1780.3344
2026-03-06,CHF,NGN,sell,1780.9735
2026-03-06,CNY,NGN,buy,201.5717
2026-03-06,CNY,NGN,middle,201.6441
2026-03-06,CNY,NGN,sell,201.7165
2026-03-06,DKK,NGN,buy,215.4961
2026-03-06,DKK,NGN,middle,215.5735
2026-03-06,DKK,NGN,sell,215.6509
2026-03-06,EUR,NGN,buy,1610.2828
2026-03-06,EUR,NGN,middle,1610.8611
2026-03-06,EUR,NGN,sell,1611.4394
2026-03-06,GBP,NGN,buy,1858.6612
2026-03-06,GBP,NGN,middle,1859.3287
2026-03-06,GBP,NGN,sell,1859.9962
2026-03-06,JPY,NGN,buy,8.8168
2026-03-06,JPY,NGN,middle,8.8199
2026-03-06,JPY,NGN,sell,8.8231
2026-03-06,SAR,NGN,buy,370.9318
2026-03-06,SAR,NGN,middle,371.0651
2026-03-06,SAR,NGN,sell,371.1983
2026-03-06,USD,NGN,buy,1392.2556
2026-03-06,USD,NGN,middle,1392.7556
2026-03-06,USD,NGN,sell,1393.2556
2026-03-06,XDR,NGN,buy,1900.2897
2026-03-06,XDR,NGN,middle,1900.9721
2026-03-06,XDR,NGN,sell,1901.6546
2026-03-06,XOF,NGN,buy,2.4365
2026-03-06,XOF,NGN,middle,2.4465
2026-03-06,XOF,NGN,sell,2.4565
2026-03-06,XUA,NGN,buy,1891.7829
2026-03-06,XUA,NGN,middle,1892.4623
2026-03-06,XUA,NGN,sell,1893.1417
2026-03-06,ZAR,NGN,buy,83.4325
2026-03-06,ZAR,NGN,middle,83.4625
2026-03-06,ZAR,NGN,sell,83.4925
2026-03-09,AED,NGN,buy,378.9585
2026-03-09,AED,NGN,middle,379.0946
2026-03-09,AED,NGN,sell,379.2307
2026-03-09,CHF,NGN,buy,1787.4639
2026-03-09,CHF,NGN,middle,1788.1058
2026-03-09,CHF,NGN,sell,1788.7477
2026-03-09,CNY,NGN,buy,201.2512
2026-03-09,CNY,NGN,middle,201.3234
2026-03-09,CNY,NGN,sell,201.3957
2026-03-09,DKK,NGN,buy,215.5995
2026-03-09,DKK,NGN,middle,215.677
2026-03-09,DKK,NGN,sell,215.7544
2026-03-09,EUR,NGN,buy,1610.979
2026-03-09,EUR,NGN,middle,1611.5575
2026-03-09,EUR,NGN,sell,1612.1361
2026-03-09,GBP,NGN,buy,1861.7242
2026-03-09,GBP,NGN,middle,1862.3928
2026-03-09,GBP,NGN,sell,1863.0614
2026-03-09,JPY,NGN,buy,8.7939
2026-03-09,JPY,NGN,middle,8.7971
2026-03-09,JPY,NGN,sell,8.8003
2026-03-09,SAR,NGN,buy,370.833
2026-03-09,SAR,NGN,middle,370.9662
2026-03-09,SAR,NGN,sell,371.0994
2026-03-09,USD,NGN,buy,1392.2556
2026-03-09,USD,NGN,middle,1392.7556
2026-03-09,USD,NGN,sell,1393.2556
2026-03-09,XDR,NGN,buy,1896.3914
2026-03-09,XDR,NGN,middle,1897.0724
2026-03-09,XDR,NGN,sell,1897.7535
2026-03-09,XOF,NGN,buy,2.4347
2026-03-09,XOF,NGN,middle,2.4447
2026-03-09,XOF,NGN,sell,2.4547
2026-03-09,XUA,NGN,buy,1895.7108
2026-03-09,XUA,NGN,middle,1896.3916
2026-03-09,XUA,NGN,sell,1897.0724
2026-03-09,ZAR,NGN,buy,83.6345
2026-03-09,ZAR,NGN,middle,83.6646
2026-03-09,ZAR,NGN,sell,83.6946
2026-03-10,AED,NGN,buy,381.2276
2026-03-10,AED,NGN,middle,381.3637
2026-03-10,AED,NGN,sell,381.4998
2026-03-10,CHF,NGN,buy,1806.2703
2026-03-10,CHF,NGN,middle,1806.9153
2026-03-10,CHF,NGN,sell,1807.5602
2026-03-10,CNY,NGN,buy,203.6118
2026-03-10,CNY,NGN,middle,203.6845
2026-03-10,CNY,NGN,sell,203.7572
2026-03-10,DKK,NGN,buy,216.861
2026-03-10,DKK,NGN,middle,216.9384
2026-03-10,DKK,NGN,sell,217.0158
2026-03-10,EUR,NGN,buy,1630.3473
2026-03-10,EUR,NGN,middle,1630.9294
2026-03-10,EUR,NGN,sell,1631.5115
2026-03-10,GBP,NGN,buy,1884.3801
2026-03-10,GBP,NGN,middle,1885.0529
2026-03-10,GBP,NGN,sell,1885.7257
2026-03-10,JPY,NGN,buy,8.8768
2026-03-10,JPY,NGN,middle,8.88
2026-03-10,JPY,NGN,sell,8.8831
2026-03-10,SAR,NGN,buy,373.122
2026-03-10,SAR,NGN,middle,373.2552
2026-03-10,SAR,NGN,sell,373.3884
2026-03-10,USD,NGN,buy,1400.4014
2026-03-10,USD,NGN,middle,1400.9014
2026-03-10,USD,NGN,sell,1401.4014
2026-03-10,XDR,NGN,buy,1906.9826
2026-03-10,XDR,NGN,middle,1907.6635
2026-03-10,XDR,NGN,sell,1908.3443
2026-03-10,XOF,NGN,buy,2.4334
2026-03-10,XOF,NGN,middle,2.4434
2026-03-10,XOF,NGN,sell,2.4534
2026-03-10,XUA,NGN,buy,1895.2177
2026-03-10,XUA,NGN,middle,1895.8943
2026-03-10,XUA,NGN,sell,1896.571
2026-03-10,ZAR,NGN,buy,84.1239
2026-03-10,ZAR,NGN,middle,84.1539
2026-03-10,ZAR,NGN,sell,84.1839
2026-03-11,AED,NGN,buy,374.3548
2026-03-11,AED,NGN,middle,374.4909
2026-03-11,AED,NGN,sell,374.6271
2026-03-11,CHF,NGN,buy,1764.1982
2026-03-11,CHF,NGN,middle,1764.8396
2026-03-11,CHF,NGN,sell,1765.4811
2026-03-11,CNY,NGN,buy,200.261
2026-03-11,CNY,NGN,middle,200.3338
2026-03-11,CNY,NGN,sell,200.4067
2026-03-11,DKK,NGN,buy,213.2379
2026-03-11,DKK,NGN,middle,213.3154
2026-03-11,DKK,NGN,sell,213.393
2026-03-11,EUR,NGN,buy,1593.4355
2026-03-11,EUR,NGN,middle,1594.0149
2026-03-11,EUR,NGN,sell,1594.5942
2026-03-11,GBP,NGN,buy,1844.1331
2026-03-11,GBP,NGN,middle,1844.8036
2026-03-11,GBP,NGN,sell,1845.4741
2026-03-11,JPY,NGN,buy,8.6719
2026-03-11,JPY,NGN,middle,8.6751
2026-03-11,JPY,NGN,sell,8.6782
2026-03-11,SAR,NGN,buy,366.4542
2026-03-11,SAR,NGN,middle,366.5874
2026-03-11,SAR,NGN,sell,366.7206
2026-03-11,USD,NGN,buy,1375.1925
2026-03-11,USD,NGN,middle,1375.6925
2026-03-11,USD,NGN,sell,1376.1925
2026-03-11,XDR,NGN,buy,1879.8881
2026-03-11,XDR,NGN,middle,1880.5716
2026-03-11,XDR,NGN,sell,1881.2551
2026-03-11,XOF,NGN,buy,2.4661
2026-03-11,XOF,NGN,middle,2.4761
2026-03-11,XOF,NGN,sell,2.4861
2026-03-11,XUA,NGN,buy,1913.6407
2026-03-11,XUA,NGN,middle,1914.3364
2026-03-11,XUA,NGN,sell,1915.0322
2026-03-11,ZAR,NGN,buy,83.7618
2026-03-11,ZAR,NGN,middle,83.7922
2026-03-11,ZAR,NGN,sell,83.8227
2026-03-12,AED,NGN,buy,373.0893
2026-03-12,AED,NGN,middle,373.2254
2026-03-12,AED,NGN,sell,373.3615
2026-03-12,CHF,NGN,buy,1751.6696
2026-03-12,CHF,NGN,middle,1752.3087
2026-03-12,CHF,NGN,sell,1752.9477
2026-03-12,CNY,NGN,buy,199.5205
2026-03-12,CNY,NGN,middle,199.5933
2026-03-12,CNY,NGN,sell,199.6661
2026-03-12,DKK,NGN,buy,211.5044
2026-03-12,DKK,NGN,middle,211.5816
2026-03-12,DKK,NGN,sell,211.6587
2026-03-12,EUR,NGN,buy,1580.742
2026-03-12,EUR,NGN,middle,1581.3187
2026-03-12,EUR,NGN,sell,1581.8954
2026-03-12,GBP,NGN,buy,1833.4633
2026-03-12,GBP,NGN,middle,1834.1322
2026-03-12,GBP,NGN,sell,1834.8011
2026-03-12,JPY,NGN,buy,8.6201
2026-03-12,JPY,NGN,middle,8.6232
2026-03-12,JPY,NGN,sell,8.6264
2026-03-12,SAR,NGN,buy,365.1859
2026-03-12,SAR,NGN,middle,365.3192
2026-03-12,SAR,NGN,sell,365.4524
2026-03-12,USD,NGN,buy,1370.5063
2026-03-12,USD,NGN,middle,1371.0063
2026-03-12,USD,NGN,sell,1371.5063
2026-03-12,XDR,NGN,buy,1870.7137
2026-03-12,XDR,NGN,middle,1871.3962
2026-03-12,XDR,NGN,sell,1872.0787
2026-03-12,XOF,NGN,buy,2.4088
2026-03-12,XOF,NGN,middle,2.4188
2026-03-12,XOF,NGN,sell,2.4288
2026-03-12,XUA,NGN,buy,1876.4236
2026-03-12,XUA,NGN,middle,1877.1081
2026-03-12,XUA,NGN,sell,1877.7927
2026-03-12,ZAR,NGN,buy,82.3226
2026-03-12,ZAR,NGN,middle,82.3526
2026-03-12,ZAR,NGN,sell,82.3826
2026-03-13,AED,NGN,buy,371.583
2026-03-13,AED,NGN,middle,371.7191
2026-03-13,AED,NGN,sell,371.8551
2026-03-13,CHF,NGN,buy,1734.0696
2026-03-13,CHF,NGN,middle,1734.7047
2026-03-13,CHF,NGN,sell,1735.3398
2026-03-13,CNY,NGN,buy,197.943
2026-03-13,CNY,NGN,middle,198.0155
2026-03-13,CNY,NGN,sell,198.088
2026-03-13,DKK,NGN,buy,209.681
2026-03-13,DKK,NGN,middle,209.7578
2026-03-13,DKK,NGN,sell,209.8346
2026-03-13,EUR,NGN,buy,1566.8779
2026-03-13,EUR,NGN,middle,1567.4518
2026-03-13,EUR,NGN,sell,1568.0256
2026-03-13,GBP,NGN,buy,1811.6642
2026-03-13,GBP,NGN,middle,1812.3277
2026-03-13,GBP,NGN,sell,1812.9912
2026-03-13,JPY,NGN,buy,8.567
2026-03-13,JPY,NGN,middle,8.5701
2026-03-13,JPY,NGN,sell,8.5732
2026-03-13,SAR,NGN,buy,363.8196
2026-03-13,SAR,NGN,middle,363.9528
2026-03-13,SAR,NGN,sell,364.0861
2026-03-13,USD,NGN,buy,1365.233
2026-03-13,USD,NGN,middle,1365.733
2026-03-13,USD,NGN,sell,1366.233
2026-03-13,XDR,NGN,buy,1861.2358
2026-03-13,XDR,NGN,middle,1861.9175
2026-03-13,XDR,NGN,sell,1862.5991
2026-03-13,XOF,NGN,buy,2.3934
2026-03-13,XOF,NGN,middle,2.4034
2026-03-13,XOF,NGN,sell,2.4134
2026-03-13,XUA,NGN,buy,1867.7385
2026-03-13,XUA,NGN,middle,1868.4226
2026-03-13,XUA,NGN,sell,1869.1066
2026-03-13,ZAR,NGN,buy,81.3816
2026-03-13,ZAR,NGN,middle,81.4114
2026-03-13,ZAR,NGN,sell,81.4412
2026-03-16,AED,NGN,buy,369.2795
2026-03-16,AED,NGN,middle,369.4156
2026-03-16,AED,NGN,sell,369.5516
2026-03-16,CHF,NGN,buy,1722.2261
2026-03-16,CHF,NGN,middle,1722.8608
2026-03-16,CHF,NGN,sell,1723.4954
2026-03-16,CNY,NGN,buy,196.7245
2026-03-16,CNY,NGN,middle,196.797
2026-03-16,CNY,NGN,sell,196.8695
2026-03-16,DKK,NGN,buy,208.3716
2026-03-16,DKK,NGN,middle,208.4483
2026-03-16,DKK,NGN,sell,208.5251
2026-03-16,EUR,NGN,buy,1557.1646
2026-03-16,EUR,NGN,middle,1557.7384
2026-03-16,EUR,NGN,sell,1558.3123
2026-03-16,GBP,NGN,buy,1788.2225
2026-03-16,GBP,NGN,middle,1788.8815
2026-03-16,GBP,NGN,sell,1789.5405
2026-03-16,JPY,NGN,buy,8.5262
2026-03-16,JPY,NGN,middle,8.5293
2026-03-16,JPY,NGN,sell,8.5325
2026-03-16,SAR,NGN,buy,361.5546
2026-03-16,SAR,NGN,middle,361.6878
2026-03-16,SAR,NGN,sell,361.8211
2026-03-16,USD,NGN,buy,1356.7697
2026-03-16,USD,NGN,middle,1357.2697
2026-03-16,USD,NGN,sell,1357.7697
2026-03-16,XDR,NGN,buy,1842.4933
2026-03-16,XDR,NGN,middle,1843.1723
2026-03-16,XDR,NGN,sell,1843.8513
2026-03-16,XOF,NGN,buy,2.3881
2026-03-16,XOF,NGN,middle,2.3981
2026-03-16,XOF,NGN,sell,2.4081
2026-03-16,XUA,NGN,buy,1867.73
2026-03-16,XUA,NGN,middle,1868.4183
2026-03-16,XUA,NGN,sell,1869.1066
2026-03-16,ZAR,NGN,buy,80.9065
2026-03-16,ZAR,NGN,middle,80.9363
2026-03-16,ZAR,NGN,sell,80.9661
2026-03-17,AED,NGN,buy,365.7145
2026-03-17,AED,NGN,middle,365.8507
2026-03-17,AED,NGN,sell,365.9868
2026-03-17,CHF,NGN,buy,1758.3976
2026-03-17,CHF,NGN,middle,1759.0521
2026-03-17,CHF,NGN,sell,1759.7065
2026-03-17,CNY,NGN,buy,195.0541
2026-03-17,CNY,NGN,middle,195.1267
2026-03-17,CNY,NGN,sell,195.1993
2026-03-17,DKK,NGN,buy,207.4485
2026-03-17,DKK,NGN,middle,207.5257
2026-03-17,DKK,NGN,sell,207.6029
2026-03-17,EUR,NGN,buy,1550.3018
2026-03-17,EUR,NGN,middle,1550.8788
2026-03-17,EUR,NGN,sell,1551.4558
2026-03-17,GBP,NGN,buy,1794.5348
2026-03-17,GBP,NGN,middle,1795.2027
2026-03-17,GBP,NGN,sell,1795.8706
2026-03-17,JPY,NGN,buy,8.4614
2026-03-17,JPY,NGN,middle,8.4645
2026-03-17,JPY,NGN,sell,8.4677
2026-03-17,SAR,NGN,buy,357.7577
2026-03-17,SAR,NGN,middle,357.8908
2026-03-17,SAR,NGN,sell,358.024
2026-03-17,USD,NGN,buy,1343.4158
2026-03-17,USD,NGN,middle,1343.9158
2026-03-17,USD,NGN,sell,1344.4158
2026-03-17,XDR,NGN,buy,1825.1647
2026-03-17,XDR,NGN,middle,1825.844
2026-03-17,XDR,NGN,sell,1826.5233
2026-03-17,XOF,NGN,buy,2.355
2026-03-17,XOF,NGN,middle,2.365
2026-03-17,XOF,NGN,sell,2.375
2026-03-17,XUA,NGN,buy,1842.6693
2026-03-17,XUA,NGN,middle,1843.3551
2026-03-17,XUA,NGN,sell,1844.0409
2026-03-17,ZAR,NGN,buy,80.8439
2026-03-17,ZAR,NGN,middle,80.874
2026-03-17,ZAR,NGN,sell,80.9041
2026-03-18,AED,NGN,buy,368.0213
2026-03-18,AED,NGN,middle,368.1574
2026-03-18,AED,NGN,sell,368.2935
2026-03-18,CHF,NGN,buy,1713.9959
2026-03-18,CHF,NGN,middle,1714.6298
2026-03-18,CHF,NGN,sell,1715.2637
2026-03-18,CNY,NGN,buy,196.706
2026-03-18,CNY,NGN,middle,196.7788
2026-03-18,CNY,NGN,sell,196.8515
2026-03-18,DKK,NGN,buy,208.0672
2026-03-18,DKK,NGN,middle,208.1442
2026-03-18,DKK,NGN,sell,208.2211
2026-03-18,EUR,NGN,buy,1555.0704
2026-03-18,EUR,NGN,middle,1555.6455
2026-03-18,EUR,NGN,sell,1556.2206
2026-03-18,GBP,NGN,buy,1800.5936
2026-03-18,GBP,NGN,middle,1801.2595
2026-03-18,GBP,NGN,sell,1801.9254
2026-03-18,JPY,NGN,buy,8.4765
2026-03-18,JPY,NGN,middle,8.4796
2026-03-18,JPY,NGN,sell,8.4828
2026-03-18,SAR,NGN,buy,360.1108
2026-03-18,SAR,NGN,middle,360.244
2026-03-18,SAR,NGN,sell,360.3772
2026-03-18,USD,NGN,buy,1352
2026-03-18,USD,NGN,middle,1352.5
2026-03-18,USD,NGN,sell,1353
2026-03-18,XDR,NGN,buy,1838.9904
2026-03-18,XDR,NGN,middle,1839.6705
2026-03-18,XDR,NGN,sell,1840.3506
2026-03-18,XOF,NGN,buy,2.3425
2026-03-18,XOF,NGN,middle,2.3525
2026-03-18,XOF,NGN,sell,2.3625
2026-03-18,XUA,NGN,buy,1826.6164
2026-03-18,XUA,NGN,middle,1827.2919
2026-03-18,XUA,NGN,sell,1827.9674
2026-03-18,ZAR,NGN,buy,80.1076
2026-03-18,ZAR,NGN,middle,80.1372
2026-03-18,ZAR,NGN,sell,80.1669
2026-03-23,AED,NGN,buy,377.612
2026-03-23,AED,NGN,middle,377.748
2026-03-23,AED,NGN,sell,377.8841
2026-03-23,CHF,NGN,buy,1761.3103
2026-03-23,CHF,NGN,middle,1761.945
2026-03-23,CHF,NGN,sell,1762.5798
2026-03-23,CNY,NGN,buy,201.479
2026-03-23,CNY,NGN,middle,201.5516
2026-03-23,CNY,NGN,sell,201.6242
2026-03-23,DKK,NGN,buy,215.2084
2026-03-23,DKK,NGN,middle,215.286
2026-03-23,DKK,NGN,sell,215.3635
2026-03-23,EUR,NGN,buy,1608.2556
2026-03-23,EUR,NGN,middle,1608.8352
2026-03-23,EUR,NGN,sell,1609.4148
2026-03-23,GBP,NGN,buy,1858.956
2026-03-23,GBP,NGN,middle,1859.6259
2026-03-23,GBP,NGN,sell,1860.2959
2026-03-23,JPY,NGN,buy,8.746
2026-03-23,JPY,NGN,middle,8.7492
2026-03-23,JPY,NGN,sell,8.7523
2026-03-23,SAR,NGN,buy,369.5453
2026-03-23,SAR,NGN,middle,369.6785
2026-03-23,SAR,NGN,sell,369.8117
2026-03-23,USD,NGN,buy,1387.3841
2026-03-23,USD,NGN,middle,1387.8841
2026-03-23,USD,NGN,sell,1388.3841
2026-03-23,XDR,NGN,buy,1891.4207
2026-03-23,XDR,NGN,middle,1892.1024
2026-03-23,XDR,NGN,sell,1892.784
2026-03-23,XOF,NGN,buy,2.3625
2026-03-23,XOF,NGN,middle,2.3725
2026-03-23,XOF,NGN,sell,2.3825
2026-03-23,XUA,NGN,buy,1842.5893
2026-03-23,XUA,NGN,middle,1843.2533
2026-03-23,XUA,NGN,sell,1843.9174
2026-03-23,ZAR,NGN,buy,82.2661
2026-03-23,ZAR,NGN,middle,82.2957
2026-03-23,ZAR,NGN,sell,82.3254
2026-03-24,AED,NGN,buy,376.0056
2026-03-24,AED,NGN,middle,376.1417
2026-03-24,AED,NGN,sell,376.2777
2026-03-24,CHF,NGN,buy,1745.1465
2026-03-24,CHF,NGN,middle,1745.7781
2026-03-24,CHF,NGN,sell,1746.4096
2026-03-24,CNY,NGN,buy,200.3963
2026-03-24,CNY,NGN,middle,200.4689
2026-03-24,CNY,NGN,sell,200.5414
2026-03-24,DKK,NGN,buy,213.9711
2026-03-24,DKK,NGN,middle,214.0485
2026-03-24,DKK,NGN,sell,214.1259
2026-03-24,EUR,NGN,buy,1598.8251
2026-03-24,EUR,NGN,middle,1599.4037
2026-03-24,EUR,NGN,sell,1599.9823
2026-03-24,GBP,NGN,buy,1847.519
2026-03-24,GBP,NGN,middle,1848.1876
2026-03-24,GBP,NGN,sell,1848.8562
2026-03-24,JPY,NGN,buy,8.6928
2026-03-24,JPY,NGN,middle,8.6959
2026-03-24,JPY,NGN,sell,8.6991
2026-03-24,SAR,NGN,buy,368.0428
2026-03-24,SAR,NGN,middle,368.1759
2026-03-24,SAR,NGN,sell,368.3091
2026-03-24,USD,NGN,buy,1381.6325
2026-03-24,USD,NGN,middle,1382.1325
2026-03-24,USD,NGN,sell,1382.6325
2026-03-24,XDR,NGN,buy,1881.7835
2026-03-24,XDR,NGN,middle,1882.4645
2026-03-24,XDR,NGN,sell,1883.1455
2026-03-24,XOF,NGN,buy,2.4335
2026-03-24,XOF,NGN,middle,2.4435
2026-03-24,XOF,NGN,sell,2.4535
2026-03-24,XUA,NGN,buy,1888.9726
2026-03-24,XUA,NGN,middle,1889.6562
2026-03-24,XUA,NGN,sell,1890.3398
2026-03-24,ZAR,NGN,buy,80.8303
2026-03-24,ZAR,NGN,middle,80.8596
2026-03-24,ZAR,NGN,sell,80.8888
2026-03-25,AED,NGN,buy,377.2371
2026-03-25,AED,NGN,middle,377.3732
2026-03-25,AED,NGN,sell,377.5093
2026-03-25,CHF,NGN,buy,1751.3965
2026-03-25,CHF,NGN,middle,1752.0284
2026-03-25,CHF,NGN,sell,1752.6604
2026-03-25,CNY,NGN,buy,200.7802
2026-03-25,CNY,NGN,middle,200.8527
2026-03-25,CNY,NGN,sell,200.9251
2026-03-25,DKK,NGN,buy,214.7547
2026-03-25,DKK,NGN,middle,214.8322
2026-03-25,DKK,NGN,sell,214.9097
2026-03-25,EUR,NGN,buy,1604.6463
2026-03-25,EUR,NGN,middle,1605.2253
2026-03-25,EUR,NGN,sell,1605.8043
2026-03-25,GBP,NGN,buy,1855.0431
2026-03-25,GBP,NGN,middle,1855.7125
2026-03-25,GBP,NGN,sell,1856.3818
2026-03-25,JPY,NGN,buy,8.7118
2026-03-25,JPY,NGN,middle,8.715
2026-03-25,JPY,NGN,sell,8.7181
2026-03-25,SAR,NGN,buy,369.344
2026-03-25,SAR,NGN,middle,369.4773
2026-03-25,SAR,NGN,sell,369.6106
2026-03-25,USD,NGN,buy,1385.7049
2026-03-25,USD,NGN,middle,1386.2049
2026-03-25,USD,NGN,sell,1386.7049
2026-03-25,XDR,NGN,buy,1889.8243
2026-03-25,XDR,NGN,middle,1890.5062
2026-03-25,XDR,NGN,sell,1891.1881
2026-03-25,XOF,NGN,buy,2.4183
2026-03-25,XOF,NGN,middle,2.4283
2026-03-25,XOF,NGN,sell,2.4383
2026-03-25,XUA,NGN,buy,1883.6345
2026-03-25,XUA,NGN,middle,1884.3141
2026-03-25,XUA,NGN,sell,1884.9938
2026-03-25,ZAR,NGN,buy,81.8283
2026-03-25,ZAR,NGN,middle,81.8578
2026-03-25,ZAR,NGN,sell,81.8873
2026-03-26,AED,NGN,buy,376.4586
2026-03-26,AED,NGN,middle,376.5947
2026-03-26,AED,NGN,sell,376.7308
2026-03-26,CHF,NGN,buy,1742.7637
2026-03-26,CHF,NGN,middle,1743.3938
2026-03-26,CHF,NGN,sell,1744.0239
2026-03-26,CNY,NGN,buy,200.1278
2026-03-26,CNY,NGN,middle,200.2001
2026-03-26,CNY,NGN,sell,200.2725
2026-03-26,DKK,NGN,buy,213.5727
2026-03-26,DKK,NGN,middle,213.6499
2026-03-26,DKK,NGN,sell,213.7271
2026-03-26,EUR,NGN,buy,1595.9853
2026-03-26,EUR,NGN,middle,1596.5623
2026-03-26,EUR,NGN,sell,1597.1394
2026-03-26,GBP,NGN,buy,1846.4254
2026-03-26,GBP,NGN,middle,1847.093
2026-03-26,GBP,NGN,sell,1847.7606
2026-03-26,JPY,NGN,buy,8.6658
2026-03-26,JPY,NGN,middle,8.6689
2026-03-26,JPY,NGN,sell,8.672
2026-03-26,SAR,NGN,buy,368.5919
2026-03-26,SAR,NGN,middle,368.7251
2026-03-26,SAR,NGN,sell,368.8584
2026-03-26,USD,NGN,buy,1382.883
2026-03-26,USD,NGN,middle,1383.383
2026-03-26,USD,NGN,sell,1383.883
2026-03-26,XDR,NGN,buy,1886.9439
2026-03-26,XDR,NGN,middle,1887.6261
2026-03-26,XDR,NGN,sell,1888.3084
2026-03-26,XOF,NGN,buy,2.4297
2026-03-26,XOF,NGN,middle,2.4397
2026-03-26,XOF,NGN,sell,2.4497
2026-03-26,XUA,NGN,buy,1890.0821
2026-03-26,XUA,NGN,middle,1890.7655
2026-03-26,XUA,NGN,sell,1891.4489
2026-03-26,ZAR,NGN,buy,81.2438
2026-03-26,ZAR,NGN,middle,81.2732
2026-03-26,ZAR,NGN,sell,81.3025
2026-03-27,AED,NGN,buy,375.5687
2026-03-27,AED,NGN,middle,375.7048
2026-03-27,AED,NGN,sell,375.841
2026-03-27,CHF,NGN,buy,1733.572
2026-03-27,CHF,NGN,middle,1734.2003
2026-03-27,CHF,NGN,sell,1734.8286
2026-03-27,CNY,NGN,buy,218.2943
2026-03-27,CNY,NGN,middle,218.3735
2026-03-27,CNY,NGN,sell,218.4526
2026-03-27,DKK,NGN,buy,212.8878
2026-03-27,DKK,NGN,middle,212.9649
2026-03-27,DKK,NGN,sell,213.0421
2026-03-27,EUR,NGN,buy,1590.9277
2026-03-27,EUR,NGN,middle,1591.5043
2026-03-27,EUR,NGN,sell,1592.0809
2026-03-27,GBP,NGN,buy,1835.6646
2026-03-27,GBP,NGN,middle,1836.3299
2026-03-27,GBP,NGN,sell,1836.9952
2026-03-27,JPY,NGN,buy,8.6299
2026-03-27,JPY,NGN,middle,8.633
2026-03-27,JPY,NGN,sell,8.6362
2026-03-27,SAR,NGN,buy,367.6518
2026-03-27,SAR,NGN,middle,367.785
2026-03-27,SAR,NGN,sell,367.9183
2026-03-27,USD,NGN,buy,1379.5766
2026-03-27,USD,NGN,middle,1380.0766
2026-03-27,USD,NGN,sell,1380.5766
2026-03-27,XDR,NGN,buy,1875.9483
2026-03-27,XDR,NGN,middle,1876.6282
2026-03-27,XDR,NGN,sell,1877.3081
2026-03-27,XOF,NGN,buy,2.4135
2026-03-27,XOF,NGN,middle,2.4235
2026-03-27,XOF,NGN,sell,2.4335
2026-03-27,XUA,NGN,buy,1879.7754
2026-03-27,XUA,NGN,middle,1880.4567
2026-03-27,XUA,NGN,sell,1881.138
2026-03-27,ZAR,NGN,buy,80.4648
2026-03-27,ZAR,NGN,middle,80.4939
2026-03-27,ZAR,NGN,sell,80.5231
2026-03-30,AED,NGN,buy,376.3458
2026-03-30,AED,NGN,middle,376.4819
2026-03-30,AED,NGN,sell,376.618
2026-03-30,CHF,NGN,buy,1726.9316
2026-03-30,CHF,NGN,middle,1727.5561
2026-03-30,CHF,NGN,sell,1728.1806
2026-03-30,CNY,NGN,buy,199.9828
2026-03-30,CNY,NGN,middle,200.0552
2026-03-30,CNY,NGN,sell,200.1275
2026-03-30,DKK,NGN,buy,212.1239
2026-03-30,DKK,NGN,middle,212.2007
2026-03-30,DKK,NGN,sell,212.2774
2026-03-30,EUR,NGN,buy,1585.1296
2026-03-30,EUR,NGN,middle,1585.7028
2026-03-30,EUR,NGN,sell,1586.2761
2026-03-30,GBP,NGN,buy,1823.6249
2026-03-30,GBP,NGN,middle,1824.2844
2026-03-30,GBP,NGN,sell,1824.9439
2026-03-30,JPY,NGN,buy,8.6639
2026-03-30,JPY,NGN,middle,8.667
2026-03-30,JPY,NGN,sell,8.6701
2026-03-30,SAR,NGN,buy,368.4035
2026-03-30,SAR,NGN,middle,368.5367
2026-03-30,SAR,NGN,sell,368.6699
2026-03-30,USD,NGN,buy,1382.5814
2026-03-30,USD,NGN,middle,1383.0814
2026-03-30,USD,NGN,sell,1383.5814
2026-03-30,XDR,NGN,buy,1878.5133
2026-03-30,XDR,NGN,middle,1879.1927
2026-03-30,XDR,NGN,sell,1879.872
2026-03-30,XOF,NGN,buy,2.4031
2026-03-30,XOF,NGN,middle,2.4131
2026-03-30,XOF,NGN,sell,2.4231
2026-03-30,XUA,NGN,buy,1873.7273
2026-03-30,XUA,NGN,middle,1874.4049
2026-03-30,XUA,NGN,sell,1875.0825
2026-03-30,ZAR,NGN,buy,80.4514
2026-03-30,ZAR,NGN,middle,80.4805
2026-03-30,ZAR,NGN,sell,80.5096
2026-03-31,AED,NGN,buy,377.1989
2026-03-31,AED,NGN,middle,377.335
2026-03-31,AED,NGN,sell,377.4711
2026-03-31,CHF,NGN,buy,1733.011
2026-03-31,CHF,NGN,middle,1733.6363
2026-03-31,CHF,NGN,sell,1734.2616
2026-03-31,CNY,NGN,buy,201.006
2026-03-31,CNY,NGN,middle,201.0786
2026-03-31,CNY,NGN,sell,201.1511
2026-03-31,DKK,NGN,buy,213.8714
2026-03-31,DKK,NGN,middle,213.9486
2026-03-31,DKK,NGN,sell,214.0257
2026-03-31,EUR,NGN,buy,1598.0072
2026-03-31,EUR,NGN,middle,1598.5838
2026-03-31,EUR,NGN,sell,1599.1604
2026-03-31,GBP,NGN,buy,1838.0132
2026-03-31,GBP,NGN,middle,1838.6764
2026-03-31,GBP,NGN,sell,1839.3396
2026-03-31,JPY,NGN,buy,8.7086
2026-03-31,JPY,NGN,middle,8.7118
2026-03-31,JPY,NGN,sell,8.7149
2026-03-31,SAR,NGN,buy,369.2485
2026-03-31,SAR,NGN,middle,369.3817
2026-03-31,SAR,NGN,sell,369.5149
2026-03-31,USD,NGN,buy,1385.7156
2026-03-31,USD,NGN,middle,1386.2156
2026-03-31,USD,NGN,sell,1386.7156
2026-03-31,XDR,NGN,buy,1881.5246
2026-03-31,XDR,NGN,middle,1882.2035
2026-03-31,XDR,NGN,sell,1882.8824
2026-03-31,XOF,NGN,buy,2.4014
2026-03-31,XOF,NGN,middle,2.4114
2026-03-31,XOF,NGN,sell,2.4214
2026-03-31,XUA,NGN,buy,1876.5937
2026-03-31,XUA,NGN,middle,1877.2708
2026-03-31,XUA,NGN,sell,1877.9479
2026-03-31,ZAR,NGN,buy,81.482
2026-03-31,ZAR,NGN,middle,81.5114
2026-03-31,ZAR,NGN,sell,81.5408
2026-04-01,AED,NGN,buy,375.0479
2026-04-01,AED,NGN,middle,375.1841
2026-04-01,AED,NGN,sell,375.3202
2026-04-01,CHF,NGN,buy,1739.7413
2026-04-01,CHF,NGN,middle,1740.3726
2026-04-01,CHF,NGN,sell,1741.004
2026-04-01,CNY,NGN,buy,200.3637
2026-04-01,CNY,NGN,middle,200.4365
2026-04-01,CNY,NGN,sell,200.5092
2026-04-01,DKK,NGN,buy,214.2848
2026-04-01,DKK,NGN,middle,214.3625
2026-04-01,DKK,NGN,sell,214.4403
2026-04-01,EUR,NGN,buy,1601.302
2026-04-01,EUR,NGN,middle,1601.8831
2026-04-01,EUR,NGN,sell,1602.4643
2026-04-01,GBP,NGN,buy,1835.2356
2026-04-01,GBP,NGN,middle,1835.9017
2026-04-01,GBP,NGN,sell,1836.5677
2026-04-01,JPY,NGN,buy,8.6899
2026-04-01,JPY,NGN,middle,8.6931
2026-04-01,JPY,NGN,sell,8.6962
2026-04-01,SAR,NGN,buy,367.0444
2026-04-01,SAR,NGN,middle,367.1776
2026-04-01,SAR,NGN,sell,367.3108
2026-04-01,USD,NGN,buy,1377.7011
2026-04-01,USD,NGN,middle,1378.2011
2026-04-01,USD,NGN,sell,1378.7011
2026-04-01,XDR,NGN,buy,1868.7138
2026-04-01,XDR,NGN,middle,1869.392
2026-04-01,XDR,NGN,sell,1870.0702
2026-04-01,XOF,NGN,buy,2.4098
2026-04-01,XOF,NGN,middle,2.4198
2026-04-01,XOF,NGN,sell,2.4298
2026-04-01,XUA,NGN,buy,1878.8851
2026-04-01,XUA,NGN,middle,1879.567
2026-04-01,XUA,NGN,sell,1880.2489
2026-04-01,ZAR,NGN,buy,82.0788
2026-04-01,ZAR,NGN,middle,82.1086
2026-04-01,ZAR,NGN,sell,82.1384
2026-04-02,AED,NGN,buy,375.6177
2026-04-02,AED,NGN,middle,375.7539
2026-04-02,AED,NGN,sell,375.89
2026-04-02,CHF,NGN,buy,1725.8214
2026-04-02,CHF,NGN,middle,1726.4468
2026-04-02,CHF,NGN,sell,1727.0722
2026-04-02,CNY,NGN,buy,200.063
2026-04-02,CNY,NGN,middle,200.1355
2026-04-02,CNY,NGN,sell,200.208
2026-04-02,DKK,NGN,buy,212.8491
2026-04-02,DKK,NGN,middle,212.9262
2026-04-02,DKK,NGN,sell,213.0033
2026-04-02,EUR,NGN,buy,1590.7647
2026-04-02,EUR,NGN,middle,1591.3412
2026-04-02,EUR,NGN,sell,1591.9176
2026-04-02,GBP,NGN,buy,1823.536
2026-04-02,GBP,NGN,middle,1824.1968
2026-04-02,GBP,NGN,sell,1824.8576
2026-04-02,JPY,NGN,buy,8.6448
2026-04-02,JPY,NGN,middle,8.6479
2026-04-02,JPY,NGN,sell,8.6511
2026-04-02,SAR,NGN,buy,367.5531
2026-04-02,SAR,NGN,middle,367.6863
2026-04-02,SAR,NGN,sell,367.8194
2026-04-02,USD,NGN,buy,1379.7942
2026-04-02,USD,NGN,middle,1380.2942
2026-04-02,USD,NGN,sell,1380.7942
2026-04-02,XDR,NGN,buy,1882.0393
2026-04-02,XDR,NGN,middle,1882.7213
2026-04-02,XDR,NGN,sell,1883.4033
2026-04-02,XOF,NGN,buy,2.4183
2026-04-02,XOF,NGN,middle,2.4283
2026-04-02,XOF,NGN,sell,2.4383
2026-04-02,XUA,NGN,buy,1878.5461
2026-04-02,XUA,NGN,middle,1879.2269
2026-04-02,XUA,NGN,sell,1879.9076
2026-04-02,ZAR,NGN,buy,81.2671
2026-04-02,ZAR,NGN,middle,81.2966
2026-04-02,ZAR,NGN,sell,81.326
2026-04-07,AED,NGN,buy,377.2138
2026-04-07,AED,NGN,middle,377.3499
2026-04-07,AED,NGN,sell,377.4861
2026-04-07,CHF,NGN,buy,1732.9381
2026-04-07,CHF,NGN,middle,1733.5634
2026-04-07,CHF,NGN,sell,1734.1887
2026-04-07,CNY,NGN,buy,202.0468
2026-04-07,CNY,NGN,middle,202.1197
2026-04-07,CNY,NGN,sell,202.1926
2026-04-07,DKK,NGN,buy,214.6742
2026-04-07,DKK,NGN,middle,214.7516
2026-04-07,DKK,NGN,sell,214.8291
2026-04-07,EUR,NGN,buy,1604.4526
2026-04-07,EUR,NGN,middle,1605.0315
2026-04-07,EUR,NGN,sell,1605.6105
2026-04-07,GBP,NGN,buy,1837.243
2026-04-07,GBP,NGN,middle,1837.906
2026-04-07,GBP,NGN,sell,1838.5689
2026-04-07,JPY,NGN,buy,8.669
2026-04-07,JPY,NGN,middle,8.6722
2026-04-07,JPY,NGN,sell,8.6753
2026-04-07,SAR,NGN,buy,368.9871
2026-04-07,SAR,NGN,middle,369.1203
2026-04-07,SAR,NGN,sell,369.2534
2026-04-07,USD,NGN,buy,1385.6573
2026-04-07,USD,NGN,middle,1386.1573
2026-04-07,USD,NGN,sell,1386.6573
2026-04-07,XDR,NGN,buy,1885.741
2026-04-07,XDR,NGN,middle,1886.4215
2026-04-07,XDR,NGN,sell,1887.1019
2026-04-07,XOF,NGN,buy,2.4093
2026-04-07,XOF,NGN,middle,2.4193
2026-04-07,XOF,NGN,sell,2.4293
2026-04-07,XUA,NGN,buy,1877.0602
2026-04-07,XUA,NGN,middle,1877.7375
2026-04-07,XUA,NGN,sell,1878.4148
2026-04-07,ZAR,NGN,buy,82.1135
2026-04-07,ZAR,NGN,middle,82.1431
2026-04-07,ZAR,NGN,sell,82.1728
2026-04-08,AED,NGN,buy,373.1754
2026-04-08,AED,NGN,middle,373.3115
2026-04-08,AED,NGN,sell,373.4476
2026-04-08,CHF,NGN,buy,1736.5371
2026-04-08,CHF,NGN,middle,1737.1705
2026-04-08,CHF,NGN,sell,1737.8039
2026-04-08,CNY,NGN,buy,200.6855
2026-04-08,CNY,NGN,middle,200.7587
2026-04-08,CNY,NGN,sell,200.8319
2026-04-08,DKK,NGN,buy,214.4658
2026-04-08,DKK,NGN,middle,214.544
2026-04-08,DKK,NGN,sell,214.6222
2026-04-08,EUR,NGN,buy,1602.9026
2026-04-08,EUR,NGN,middle,1603.4873
2026-04-08,EUR,NGN,sell,1604.0719
2026-04-08,GBP,NGN,buy,1843.482
2026-04-08,GBP,NGN,middle,1844.1544
2026-04-08,GBP,NGN,sell,1844.8268
2026-04-08,JPY,NGN,buy,8.658
2026-04-08,JPY,NGN,middle,8.6612
2026-04-08,JPY,NGN,sell,8.6643
2026-04-08,SAR,NGN,buy,365.2702
2026-04-08,SAR,NGN,middle,365.4034
2026-04-08,SAR,NGN,sell,365.5366
2026-04-08,USD,NGN,buy,1370.8224
2026-04-08,USD,NGN,middle,1371.3224
2026-04-08,USD,NGN,sell,1371.8224
2026-04-08,XDR,NGN,buy,1865.5522
2026-04-08,XDR,NGN,middle,1866.2327
2026-04-08,XDR,NGN,sell,1866.9131
2026-04-08,XOF,NGN,buy,2.4093
2026-04-08,XOF,NGN,middle,2.4193
2026-04-08,XOF,NGN,sell,2.4293
2026-04-08,XUA,NGN,buy,1877.0455
2026-04-08,XUA,NGN,middle,1877.7302
2026-04-08,XUA,NGN,sell,1878.4148
2026-04-08,ZAR,NGN,buy,83.7466
2026-04-08,ZAR,NGN,middle,83.7771
2026-04-08,ZAR,NGN,sell,83.8077
2026-04-09,CHF,NGN,buy,1719.1692
2026-04-09,CHF,NGN,middle,1719.8021
2026-04-09,CHF,NGN,sell,1720.4349
2026-04-09,CNY,NGN,buy,198.6713
2026-04-09,CNY,NGN,middle,198.7444
2026-04-09,CNY,NGN,sell,198.8176
2026-04-09,DKK,NGN,buy,212.4858
2026-04-09,DKK,NGN,middle,212.564
2026-04-09,DKK,NGN,sell,212.6423
2026-04-09,EUR,NGN,buy,1588.0068
2026-04-09,EUR,NGN,middle,1588.5913
2026-04-09,EUR,NGN,sell,1589.1759
2026-04-09,JPY,NGN,buy,8.5466
2026-04-09,JPY,NGN,middle,8.5498
2026-04-09,JPY,NGN,sell,8.5529
2026-04-09,SAR,NGN,buy,361.9472
2026-04-09,SAR,NGN,middle,362.0805
2026-04-09,SAR,NGN,sell,362.2137
2026-04-09,USD,NGN,buy,1358.3156
2026-04-09,USD,NGN,middle,1358.8156
2026-04-09,USD,NGN,sell,1359.3156
2026-04-09,XDR,NGN,buy,1860.5256
2026-04-09,XDR,NGN,middle,1861.2105
2026-04-09,XDR,NGN,sell,1861.8954
2026-04-09,XOF,NGN,buy,2.4272
2026-04-09,XOF,NGN,middle,2.4372
2026-04-09,XOF,NGN,sell,2.4472
2026-04-09,XUA,NGN,buy,1876.9596
2026-04-09,XUA,NGN,middle,1877.6505
2026-04-09,XUA,NGN,sell,1878.3414
2026-04-09,ZAR,NGN,buy,82.6171
2026-04-09,ZAR,NGN,middle,82.6475
2026-04-09,ZAR,NGN,sell,82.6779
2026-04-10,AED,NGN,buy,369.04
2026-04-10,AED,NGN,middle,369.1761
2026-04-10,AED,NGN,sell,369.3122
2026-04-10,CHF,NGN,buy,1725.4897
2026-04-10,CHF,NGN,middle,1726.126
2026-04-10,CHF,NGN,sell,1726.7623
2026-04-10,CNY,NGN,buy,198.5721
2026-04-10,CNY,NGN,middle,198.6453
2026-04-10,CNY,NGN,sell,198.7185
2026-04-10,DKK,NGN,buy,212.9525
2026-04-10,DKK,NGN,middle,213.031
2026-04-10,DKK,NGN,sell,213.1095
2026-04-10,EUR,NGN,buy,1591.4079
2026-04-10,EUR,NGN,middle,1591.9947
2026-04-10,EUR,NGN,sell,1592.5816
2026-04-10,GBP,NGN,buy,1827.4683
2026-04-10,GBP,NGN,middle,1828.1422
2026-04-10,GBP,NGN,sell,1828.8161
2026-04-10,JPY,NGN,buy,8.5206
2026-04-10,JPY,NGN,middle,8.5238
2026-04-10,JPY,NGN,sell,8.5269
2026-04-10,SAR,NGN,buy,361.3105
2026-04-10,SAR,NGN,middle,361.4437
2026-04-10,SAR,NGN,sell,361.5769
2026-04-10,USD,NGN,buy,1355.8898
2026-04-10,USD,NGN,middle,1356.3898
2026-04-10,USD,NGN,sell,1356.8898
2026-04-10,XDR,NGN,buy,1855.02
2026-04-10,XDR,NGN,middle,1855.704
2026-04-10,XDR,NGN,sell,1856.3881
2026-04-10,XOF,NGN,buy,2.4257
2026-04-10,XOF,NGN,middle,2.4357
2026-04-10,XOF,NGN,sell,2.4457
2026-04-10,XUA,NGN,buy,1876.9571
2026-04-10,XUA,NGN,middle,1877.6493
2026-04-10,XUA,NGN,sell,1878.3414
2026-04-10,ZAR,NGN,buy,82.9717
2026-04-10,ZAR,NGN,middle,83.0023
2026-04-10,ZAR,NGN,sell,83.0329
2026-04-13,AED,NGN,buy,368.9285
2026-04-13,AED,NGN,middle,369.0646
2026-04-13,AED,NGN,sell,369.2008
2026-04-13,CHF,NGN,buy,1719.7781
2026-04-13,CHF,NGN,middle,1720.4126
2026-04-13,CHF,NGN,sell,1721.0472
2026-04-13,CNY,NGN,buy,198.3817
2026-04-13,CNY,NGN,middle,198.4549
2026-04-13,CNY,NGN,sell,198.5281
2026-04-13,DKK,NGN,buy,212.2784
2026-04-13,DKK,NGN,middle,212.3567
2026-04-13,DKK,NGN,sell,212.435
2026-04-13,EUR,NGN,buy,1586.5153
2026-04-13,EUR,NGN,middle,1587.1006
2026-04-13,EUR,NGN,sell,1587.686
2026-04-13,GBP,NGN,buy,1823.8082
2026-04-13,GBP,NGN,middle,1824.4811
2026-04-13,GBP,NGN,sell,1825.154
2026-04-13,JPY,NGN,buy,8.4863
2026-04-13,JPY,NGN,middle,8.4895
2026-04-13,JPY,NGN,sell,8.4926
2026-04-13,SAR,NGN,buy,361.0746
2026-04-13,SAR,NGN,middle,361.2078
2026-04-13,SAR,NGN,sell,361.341
2026-04-13,USD,NGN,buy,1355.1852
2026-04-13,USD,NGN,middle,1355.6852
2026-04-13,USD,NGN,sell,1356.1852
2026-04-13,XDR,NGN,buy,1856.7392
2026-04-13,XDR,NGN,middle,1857.4242
2026-04-13,XDR,NGN,sell,1858.1093
2026-04-13,XOF,NGN,buy,2.4016
2026-04-13,XOF,NGN,middle,2.4116
2026-04-13,XOF,NGN,sell,2.4216
2026-04-13,XUA,NGN,buy,1857.0736
2026-04-13,XUA,NGN,middle,1857.7587
2026-04-13,XUA,NGN,sell,1858.4439
2026-04-13,ZAR,NGN,buy,82.0121
2026-04-13,ZAR,NGN,middle,82.0424
2026-04-13,ZAR,NGN,sell,82.0727
2026-04-14,AED,NGN,buy,365.5376
2026-04-14,AED,NGN,middle,365.6737
2026-04-14,AED,NGN,sell,365.8098
2026-04-14,CHF,NGN,buy,1720.1714
2026-04-14,CHF,NGN,middle,1720.8119
2026-04-14,CHF,NGN,sell,1721.4525
2026-04-14,CNY,NGN,buy,197.002
2026-04-14,CNY,NGN,middle,197.0754
2026-04-14,CNY,NGN,sell,197.1487
2026-04-14,DKK,NGN,buy,211.9666
2026-04-14,DKK,NGN,middle,212.0455
2026-04-14,DKK,NGN,sell,212.1244
2026-04-14,EUR,NGN,buy,1584.3294
2026-04-14,EUR,NGN,middle,1584.9193
2026-04-14,EUR,NGN,sell,1585.5093
2026-04-14,GBP,NGN,buy,1823.2074
2026-04-14,GBP,NGN,middle,1823.8863
2026-04-14,GBP,NGN,sell,1824.5652
2026-04-14,JPY,NGN,buy,8.4541
2026-04-14,JPY,NGN,middle,8.4573
2026-04-14,JPY,NGN,sell,8.4604
2026-04-14,SAR,NGN,buy,357.8514
2026-04-14,SAR,NGN,middle,357.9846
2026-04-14,SAR,NGN,sell,358.1179
2026-04-14,USD,NGN,buy,1342.7658
2026-04-14,USD,NGN,middle,1343.2658
2026-04-14,USD,NGN,sell,1343.7658
2026-04-14,XDR,NGN,buy,1838.3807
2026-04-14,XDR,NGN,middle,1839.0652
2026-04-14,XDR,NGN,sell,1839.7498
2026-04-14,XOF,NGN,buy,2.3948
2026-04-14,XOF,NGN,middle,2.4048
2026-04-14,XOF,NGN,sell,2.4148
2026-04-14,XUA,NGN,buy,1854.6874
2026-04-14,XUA,NGN,middle,1855.378
2026-04-14,XUA,NGN,sell,1856.0686
2026-04-14,ZAR,NGN,buy,82.026
2026-04-14,ZAR,NGN,middle,82.0566
2026-04-14,ZAR,NGN,sell,82.0871
2026-04-15,AED,NGN,buy,365.5507
2026-04-15,AED,NGN,middle,365.6868
2026-04-15,AED,NGN,sell,365.823
2026-04-15,CHF,NGN,buy,1718.1585
2026-04-15,CHF,NGN,middle,1718.7983
2026-04-15,CHF,NGN,sell,1719.4381
2026-04-15,CNY,NGN,buy,196.8395
2026-04-15,CNY,NGN,middle,196.9128
2026-04-15,CNY,NGN,sell,196.9861
2026-04-15,DKK,NGN,buy,211.9292
2026-04-15,DKK,NGN,middle,212.0081
2026-04-15,DKK,NGN,sell,212.087
2026-04-15,EUR,NGN,buy,1583.8972
2026-04-15,EUR,NGN,middle,1584.487
2026-04-15,EUR,NGN,sell,1585.0768
2026-04-15,GBP,NGN,buy,1821.5623
2026-04-15,GBP,NGN,middle,1822.2406
2026-04-15,GBP,NGN,sell,1822.9189
2026-04-15,JPY,NGN,buy,8.4449
2026-04-15,JPY,NGN,middle,8.4481
2026-04-15,JPY,NGN,sell,8.4512
2026-04-15,SAR,NGN,buy,357.8925
2026-04-15,SAR,NGN,middle,358.0257
2026-04-15,SAR,NGN,sell,358.159
2026-04-15,USD,NGN,buy,1342.7409
2026-04-15,USD,NGN,middle,1343.2409
2026-04-15,USD,NGN,sell,1343.7409
2026-04-15,XDR,NGN,buy,1846.0002
2026-04-15,XDR,NGN,middle,1846.6876
2026-04-15,XDR,NGN,sell,1847.375
2026-04-15,XOF,NGN,buy,2.395
2026-04-15,XOF,NGN,middle,2.405
2026-04-15,XOF,NGN,sell,2.415
2026-04-15,XUA,NGN,buy,1845.4012
2026-04-15,XUA,NGN,middle,1846.0884
2026-04-15,XUA,NGN,sell,1846.7756
2026-04-15,ZAR,NGN,buy,82.0135
2026-04-15,ZAR,NGN,middle,82.044
2026-04-15,ZAR,NGN,sell,82.0745
2026-04-16,AED,NGN,buy,365.1595
2026-04-16,AED,NGN,middle,365.2956
2026-04-16,AED,NGN,sell,365.4317
2026-04-16,CHF,NGN,buy,1712.3755
2026-04-16,CHF,NGN,middle,1713.0138
2026-04-16,CHF,NGN,sell,1713.6521
2026-04-16,CNY,NGN,buy,196.6144
2026-04-16,CNY,NGN,middle,196.6877
2026-04-16,CNY,NGN,sell,196.761
2026-04-16,DKK,NGN,buy,211.3721
2026-04-16,DKK,NGN,middle,211.4509
2026-04-16,DKK,NGN,sell,211.5296
2026-04-16,EUR,NGN,buy,1579.9216
2026-04-16,EUR,NGN,middle,1580.5106
2026-04-16,EUR,NGN,sell,1581.0995
2026-04-16,GBP,NGN,buy,1818.003
2026-04-16,GBP,NGN,middle,1818.6807
2026-04-16,GBP,NGN,sell,1819.3584
2026-04-16,JPY,NGN,buy,8.4295
2026-04-16,JPY,NGN,middle,8.4327
2026-04-16,JPY,NGN,sell,8.4358
2026-04-16,SAR,NGN,buy,357.5475
2026-04-16,SAR,NGN,middle,357.6808
2026-04-16,SAR,NGN,sell,357.8141
2026-04-16,USD,NGN,buy,1341.3037
2026-04-16,USD,NGN,middle,1341.8037
2026-04-16,USD,NGN,sell,1342.3037
2026-04-16,XDR,NGN,buy,1842.6428
2026-04-16,XDR,NGN,middle,1843.3297
2026-04-16,XDR,NGN,sell,1844.0166
2026-04-16,XOF,NGN,buy,2.3923
2026-04-16,XOF,NGN,middle,2.4023
2026-04-16,XOF,NGN,sell,2.4123
2026-04-16,XUA,NGN,buy,1843.9293
2026-04-16,XUA,NGN,middle,1844.6167
2026-04-16,XUA,NGN,sell,1845.3041
2026-04-16,ZAR,NGN,buy,81.6892
2026-04-16,ZAR,NGN,middle,81.7196
2026-04-16,ZAR,NGN,sell,81.7501
2026-04-17,AED,NGN,buy,365.4834
2026-04-17,AED,NGN,middle,365.6195
2026-04-17,AED,NGN,sell,365.7556
2026-04-17,CHF,NGN,buy,1723.764
2026-04-17,CHF,NGN,middle,1724.406
2026-04-17,CHF,NGN,sell,1725.0479
2026-04-17,CNY,NGN,buy,196.9171
2026-04-17,CNY,NGN,middle,196.9904
2026-04-17,CNY,NGN,sell,197.0638
2026-04-17,DKK,NGN,buy,212.7055
2026-04-17,DKK,NGN,middle,212.7847
2026-04-17,DKK,NGN,sell,212.8639
2026-04-17,EUR,NGN,buy,1589.9541
2026-04-17,EUR,NGN,middle,1590.5462
2026-04-17,EUR,NGN,sell,1591.1383
2026-04-17,GBP,NGN,buy,1823.0363
2026-04-17,GBP,NGN,middle,1823.7152
2026-04-17,GBP,NGN,sell,1824.3941
2026-04-17,JPY,NGN,buy,8.4902
2026-04-17,JPY,NGN,middle,8.4934
2026-04-17,JPY,NGN,sell,8.4965
2026-04-17,SAR,NGN,buy,357.9037
2026-04-17,SAR,NGN,middle,358.0369
2026-04-17,SAR,NGN,sell,358.1702
2026-04-17,USD,NGN,buy,1342.6398
2026-04-17,USD,NGN,middle,1343.1398
2026-04-17,USD,NGN,sell,1343.6398
2026-04-17,XDR,NGN,buy,1844.4783
2026-04-17,XDR,NGN,middle,1845.1652
2026-04-17,XDR,NGN,sell,1845.852
2026-04-17,XOF,NGN,buy,2.3901
2026-04-17,XOF,NGN,middle,2.4001
2026-04-17,XOF,NGN,sell,2.4101
2026-04-17,XUA,NGN,buy,1842.0114
2026-04-17,XUA,NGN,middle,1842.6974
2026-04-17,XUA,NGN,sell,1843.3833
2026-04-17,ZAR,NGN,buy,82.7176
2026-04-17,ZAR,NGN,middle,82.7485
2026-04-17,ZAR,NGN,sell,82.7793
2026-04-20,AED,NGN,buy,367.1259
2026-04-20,AED,NGN,middle,367.262
2026-04-20,AED,NGN,sell,367.3981
2026-04-20,CHF,NGN,buy,1729.0688
2026-04-20,CHF,NGN,middle,1729.7099
2026-04-20,CHF,NGN,sell,1730.3509
2026-04-20,CNY,NGN,buy,197.8108
2026-04-20,CNY,NGN,middle,197.8841
2026-04-20,CNY,NGN,sell,197.9574
2026-04-20,DKK,NGN,buy,212.4966
2026-04-20,DKK,NGN,middle,212.5754
2026-04-20,DKK,NGN,sell,212.6542
2026-04-20,EUR,NGN,buy,1588.1981
2026-04-20,EUR,NGN,middle,1588.7869
2026-04-20,EUR,NGN,sell,1589.3757
2026-04-20,GBP,NGN,buy,1825.4299
2026-04-20,GBP,NGN,middle,1826.1066
2026-04-20,GBP,NGN,sell,1826.7834
2026-04-20,JPY,NGN,buy,8.502
2026-04-20,JPY,NGN,middle,8.5052
2026-04-20,JPY,NGN,sell,8.5083
2026-04-20,SAR,NGN,buy,359.5504
2026-04-20,SAR,NGN,middle,359.6837
2026-04-20,SAR,NGN,sell,359.817
2026-04-20,USD,NGN,buy,1348.6737
2026-04-20,USD,NGN,middle,1349.1737
2026-04-20,USD,NGN,sell,1349.6737
2026-04-20,XDR,NGN,buy,1852.9428
2026-04-20,XDR,NGN,middle,1853.6297
2026-04-20,XDR,NGN,sell,1854.3167
2026-04-20,XOF,NGN,buy,2.3956
2026-04-20,XOF,NGN,middle,2.4056
2026-04-20,XOF,NGN,sell,2.4156
2026-04-20,XUA,NGN,buy,1844.0396
2026-04-20,XUA,NGN,middle,1844.7233
2026-04-20,XUA,NGN,sell,1845.4069
2026-04-20,ZAR,NGN,buy,82.6378
2026-04-20,ZAR,NGN,middle,82.6684
2026-04-20,ZAR,NGN,sell,82.6991
2026-04-21,AED,NGN,buy,367.4562
2026-04-21,AED,NGN,middle,367.5923
2026-04-21,AED,NGN,sell,367.7285
2026-04-21,CHF,NGN,buy,1731.102
2026-04-21,CHF,NGN,middle,1731.7432
2026-04-21,CHF,NGN,sell,1732.3845
2026-04-21,CNY,NGN,buy,198.0195
2026-04-21,CNY,NGN,middle,198.0928
2026-04-21,CNY,NGN,sell,198.1662
2026-04-21,DKK,NGN,buy,212.4906
2026-04-21,DKK,NGN,middle,212.5693
2026-04-21,DKK,NGN,sell,212.648
2026-04-21,EUR,NGN,buy,1588.2393
2026-04-21,EUR,NGN,middle,1588.8276
2026-04-21,EUR,NGN,sell,1589.416
2026-04-21,GBP,NGN,buy,1825.1187
2026-04-21,GBP,NGN,middle,1825.7948
2026-04-21,GBP,NGN,sell,1826.4709
2026-04-21,JPY,NGN,buy,8.4852
2026-04-21,JPY,NGN,middle,8.4883
2026-04-21,JPY,NGN,sell,8.4915
2026-04-21,SAR,NGN,buy,359.8731
2026-04-21,SAR,NGN,middle,360.0065
2026-04-21,SAR,NGN,sell,360.1398
2026-04-21,USD,NGN,buy,1349.7402
2026-04-21,USD,NGN,middle,1350.2402
2026-04-21,USD,NGN,sell,1350.7402
2026-04-21,XDR,NGN,buy,1854.4081
2026-04-21,XDR,NGN,middle,1855.095
2026-04-21,XDR,NGN,sell,1855.782
2026-04-21,XOF,NGN,buy,2.3956
2026-04-21,XOF,NGN,middle,2.4056
2026-04-21,XOF,NGN,sell,2.4156
2026-04-21,XUA,NGN,buy,1844.0407
2026-04-21,XUA,NGN,middle,1844.7238
2026-04-21,XUA,NGN,sell,1845.4069
2026-04-21,ZAR,NGN,buy,82.3499
2026-04-21,ZAR,NGN,middle,82.3804
2026-04-21,ZAR,NGN,sell,82.411
2026-04-22,AED,NGN,buy,366.8225
2026-04-22,AED,NGN,middle,366.9586
2026-04-22,AED,NGN,sell,367.0948
2026-04-22,CHF,NGN,buy,1722.1999
2026-04-22,CHF,NGN,middle,1722.839
2026-04-22,CHF,NGN,sell,1723.478
2026-04-22,CNY,NGN,buy,197.3706
2026-04-22,CNY,NGN,middle,197.4439
2026-04-22,CNY,NGN,sell,197.5171
2026-04-22,DKK,NGN,buy,211.4873
2026-04-22,DKK,NGN,middle,211.5658
2026-04-22,DKK,NGN,sell,211.6443
2026-04-22,EUR,NGN,buy,1580.8274
2026-04-22,EUR,NGN,middle,1581.414
2026-04-22,EUR,NGN,sell,1582.0006
2026-04-22,GBP,NGN,buy,1820.4039
2026-04-22,GBP,NGN,middle,1821.0794
2026-04-22,GBP,NGN,sell,1821.7549
2026-04-22,JPY,NGN,buy,8.458
2026-04-22,JPY,NGN,middle,8.4612
2026-04-22,JPY,NGN,sell,8.4643
2026-04-22,SAR,NGN,buy,359.2527
2026-04-22,SAR,NGN,middle,359.386
2026-04-22,SAR,NGN,sell,359.5193
2026-04-22,USD,NGN,buy,1347.4492
2026-04-22,USD,NGN,middle,1347.9492
2026-04-22,USD,NGN,sell,1348.4492
2026-04-22,XDR,NGN,buy,1850.5598
2026-04-22,XDR,NGN,middle,1851.2465
2026-04-22,XDR,NGN,sell,1851.9332
2026-04-22,XOF,NGN,buy,2.4021
2026-04-22,XOF,NGN,middle,2.4121
2026-04-22,XOF,NGN,sell,2.4221
2026-04-22,XUA,NGN,buy,1852.1812
2026-04-22,XUA,NGN,middle,1852.8684
2026-04-22,XUA,NGN,sell,1853.5557
2026-04-22,ZAR,NGN,buy,81.789
2026-04-22,ZAR,NGN,middle,81.8193
2026-04-22,ZAR,NGN,sell,81.8497
2026-04-23,AED,NGN,buy,368.3086
2026-04-23,AED,NGN,middle,368.4447
2026-04-23,AED,NGN,sell,368.5809
2026-04-23,CHF,NGN,buy,1721.9143
2026-04-23,CHF,NGN,middle,1722.5507
2026-04-23,CHF,NGN,sell,1723.1871
2026-04-23,CNY,NGN,buy,197.9296
2026-04-23,CNY,NGN,middle,198.0027
2026-04-23,CNY,NGN,sell,198.0759
2026-04-23,DKK,NGN,buy,211.6002
2026-04-23,DKK,NGN,middle,211.6784
2026-04-23,DKK,NGN,sell,211.7566
2026-04-23,EUR,NGN,buy,1581.5496
2026-04-23,EUR,NGN,middle,1582.1341
2026-04-23,EUR,NGN,sell,1582.7186
2026-04-23,GBP,NGN,buy,1824.5319
2026-04-23,GBP,NGN,middle,1825.2062
2026-04-23,GBP,NGN,sell,1825.8805
2026-04-23,JPY,NGN,buy,8.479
2026-04-23,JPY,NGN,middle,8.4821
2026-04-23,JPY,NGN,sell,8.4853
2026-04-23,SAR,NGN,buy,360.6985
2026-04-23,SAR,NGN,middle,360.8318
2026-04-23,SAR,NGN,sell,360.9652
2026-04-23,USD,NGN,buy,1352.9081
2026-04-23,USD,NGN,middle,1353.4081
2026-04-23,USD,NGN,sell,1353.9081
2026-04-23,XDR,NGN,buy,1858.0569
2026-04-23,XDR,NGN,middle,1858.7436
2026-04-23,XDR,NGN,sell,1859.4303
2026-04-23,XOF,NGN,buy,2.391
2026-04-23,XOF,NGN,middle,2.401
2026-04-23,XOF,NGN,sell,2.411
2026-04-23,XUA,NGN,buy,1848.2493
2026-04-23,XUA,NGN,middle,1848.9324
2026-04-23,XUA,NGN,sell,1849.6155
2026-04-23,ZAR,NGN,buy,81.9845
2026-04-23,ZAR,NGN,middle,82.0148
2026-04-23,ZAR,NGN,sell,82.0451
2026-04-24,AED,NGN,buy,369.541
2026-04-24,AED,NGN,middle,369.6772
2026-04-24,AED,NGN,sell,369.8133
2026-04-24,CHF,NGN,buy,1725.9188
2026-04-24,CHF,NGN,middle,1726.5545
2026-04-24,CHF,NGN,sell,1727.1902
2026-04-24,CNY,NGN,buy,198.5512
2026-04-24,CNY,NGN,middle,198.6244
2026-04-24,CNY,NGN,sell,198.6975
2026-04-24,DKK,NGN,buy,212.6775
2026-04-24,DKK,NGN,middle,212.7558
2026-04-24,DKK,NGN,sell,212.8341
2026-04-24,EUR,NGN,buy,1589.5565
2026-04-24,EUR,NGN,middle,1590.142
2026-04-24,EUR,NGN,sell,1590.7275
2026-04-24,GBP,NGN,buy,1832.6731
2026-04-24,GBP,NGN,middle,1833.3482
2026-04-24,GBP,NGN,sell,1834.0232
2026-04-24,JPY,NGN,buy,8.5106
2026-04-24,JPY,NGN,middle,8.5137
2026-04-24,JPY,NGN,sell,8.5168
2026-04-24,SAR,NGN,buy,361.8958
2026-04-24,SAR,NGN,middle,362.0291
2026-04-24,SAR,NGN,sell,362.1624
2026-04-24,USD,NGN,buy,1357.4351
2026-04-24,USD,NGN,middle,1357.9351
2026-04-24,USD,NGN,sell,1358.4351
2026-04-24,XDR,NGN,buy,1864.2742
2026-04-24,XDR,NGN,middle,1864.9609
2026-04-24,XDR,NGN,sell,1865.6476
2026-04-24,XOF,NGN,buy,2.391
2026-04-24,XOF,NGN,middle,2.401
2026-04-24,XOF,NGN,sell,2.411
2026-04-24,XUA,NGN,buy,1848.2539
2026-04-24,XUA,NGN,middle,1848.9347
2026-04-24,XUA,NGN,sell,1849.6155
2026-04-24,ZAR,NGN,buy,81.9361
2026-04-24,ZAR,NGN,middle,81.9663
2026-04-24,ZAR,NGN,sell,81.9964
2026-04-27,AED,NGN,buy,371.1307
2026-04-27,AED,NGN,middle,371.2669
2026-04-27,AED,NGN,sell,371.403
2026-04-27,CHF,NGN,buy,1737.2721
2026-04-27,CHF,NGN,middle,1737.9093
2026-04-27,CHF,NGN,sell,1738.5465
2026-04-27,CNY,NGN,buy,199.7857
2026-04-27,CNY,NGN,middle,199.8589
2026-04-27,CNY,NGN,sell,199.9322
2026-04-27,DKK,NGN,buy,214.2377
2026-04-27,DKK,NGN,middle,214.3163
2026-04-27,DKK,NGN,sell,214.3949
2026-04-27,EUR,NGN,buy,1601.1223
2026-04-27,EUR,NGN,middle,1601.7096
2026-04-27,EUR,NGN,sell,1602.2968
2026-04-27,GBP,NGN,buy,1846.3687
2026-04-27,GBP,NGN,middle,1847.0459
2026-04-27,GBP,NGN,sell,1847.7231
2026-04-27,JPY,NGN,buy,8.5593
2026-04-27,JPY,NGN,middle,8.5624
2026-04-27,JPY,NGN,sell,8.5656
2026-04-27,SAR,NGN,buy,363.4524
2026-04-27,SAR,NGN,middle,363.5857
2026-04-27,SAR,NGN,sell,363.719
2026-04-27,USD,NGN,buy,1363.2374
2026-04-27,USD,NGN,middle,1363.7374
2026-04-27,USD,NGN,sell,1364.2374
2026-04-27,XDR,NGN,buy,1872.243
2026-04-27,XDR,NGN,middle,1872.9297
2026-04-27,XDR,NGN,sell,1873.6164
2026-04-27,XOF,NGN,buy,2.3928
2026-04-27,XOF,NGN,middle,2.4028
2026-04-27,XOF,NGN,sell,2.4128
2026-04-27,XUA,NGN,buy,1851.3223
2026-04-27,XUA,NGN,middle,1852.0013
2026-04-27,XUA,NGN,sell,1852.6803
2026-04-27,ZAR,NGN,buy,82.5679
2026-04-27,ZAR,NGN,middle,82.5982
2026-04-27,ZAR,NGN,sell,82.6285
2026-04-28,AED,NGN,buy,375.6143
2026-04-28,AED,NGN,middle,375.7505
2026-04-28,AED,NGN,sell,375.8866
2026-04-28,CHF,NGN,buy,1746.9063
2026-04-28,CHF,NGN,middle,1747.5394
2026-04-28,CHF,NGN,sell,1748.1724
2026-04-28,CNY,NGN,buy,201.741
2026-04-28,CNY,NGN,middle,201.8141
2026-04-28,CNY,NGN,sell,201.8872
2026-04-28,DKK,NGN,buy,215.9402
2026-04-28,DKK,NGN,middle,216.0184
2026-04-28,DKK,NGN,sell,216.0967
2026-04-28,EUR,NGN,buy,1613.8428
2026-04-28,EUR,NGN,middle,1614.4277
2026-04-28,EUR,NGN,sell,1615.0125
2026-04-28,GBP,NGN,buy,1861.9141
2026-04-28,GBP,NGN,middle,1862.5888
2026-04-28,GBP,NGN,sell,1863.2636
2026-04-28,JPY,NGN,buy,8.6491
2026-04-28,JPY,NGN,middle,8.6522
2026-04-28,JPY,NGN,sell,8.6554
2026-04-28,SAR,NGN,buy,367.8433
2026-04-28,SAR,NGN,middle,367.9766
2026-04-28,SAR,NGN,sell,368.1099
2026-04-28,USD,NGN,buy,1379.7066
2026-04-28,USD,NGN,middle,1380.2066
2026-04-28,USD,NGN,sell,1380.7066
2026-04-28,XDR,NGN,buy,1894.8615
2026-04-28,XDR,NGN,middle,1895.5481
2026-04-28,XDR,NGN,sell,1896.2348
2026-04-28,XOF,NGN,buy,2.3928
2026-04-28,XOF,NGN,middle,2.4028
2026-04-28,XOF,NGN,sell,2.4128
2026-04-28,XUA,NGN,buy,1851.3385
2026-04-28,XUA,NGN,middle,1852.0094
2026-04-28,XUA,NGN,sell,1852.6803
2026-04-28,ZAR,NGN,buy,83.0488
2026-04-28,ZAR,NGN,middle,83.0789
2026-04-28,ZAR,NGN,sell,83.109
2026-04-29,AED,NGN,buy,375.2853
2026-04-29,AED,NGN,middle,375.4214
2026-04-29,AED,NGN,sell,375.5576
2026-04-29,CHF,NGN,buy,1742.4605
2026-04-29,CHF,NGN,middle,1743.0925
2026-04-29,CHF,NGN,sell,1743.7246
2026-04-29,CNY,NGN,buy,201.6767
2026-04-29,CNY,NGN,middle,201.7499
2026-04-29,CNY,NGN,sell,201.823
2026-04-29,DKK,NGN,buy,215.6135
2026-04-29,DKK,NGN,middle,215.6918
2026-04-29,DKK,NGN,sell,215.77
2026-04-29,EUR,NGN,buy,1611.696
2026-04-29,EUR,NGN,middle,1612.2806
2026-04-29,EUR,NGN,sell,1612.8652
2026-04-29,GBP,NGN,buy,1860.2324
2026-04-29,GBP,NGN,middle,1860.9072
2026-04-29,GBP,NGN,sell,1861.5819
2026-04-29,JPY,NGN,buy,8.6116
2026-04-29,JPY,NGN,middle,8.6147
2026-04-29,JPY,NGN,sell,8.6179
2026-04-29,SAR,NGN,buy,367.5307
2026-04-29,SAR,NGN,middle,367.664
2026-04-29,SAR,NGN,sell,367.7973
2026-04-29,USD,NGN,buy,1378.4605
2026-04-29,USD,NGN,middle,1378.9605
2026-04-29,USD,NGN,sell,1379.4605
2026-04-29,XDR,NGN,buy,1893.1501
2026-04-29,XDR,NGN,middle,1893.8368
2026-04-29,XDR,NGN,sell,1894.5235
2026-04-29,XOF,NGN,buy,2.3928
2026-04-29,XOF,NGN,middle,2.4028
2026-04-29,XOF,NGN,sell,2.4128
2026-04-29,XUA,NGN,buy,1851.3373
2026-04-29,XUA,NGN,middle,1852.0088
2026-04-29,XUA,NGN,sell,1852.6803
2026-04-29,ZAR,NGN,buy,82.6202
2026-04-29,ZAR,NGN,middle,82.6502
2026-04-29,ZAR,NGN,sell,82.6802
2026-04-30,AED,NGN,buy,374.0045
2026-04-30,AED,NGN,middle,374.1407
2026-04-30,AED,NGN,sell,374.2768
2026-04-30,CHF,NGN,buy,1750.9151
2026-04-30,CHF,NGN,middle,1751.5523
2026-04-30,CHF,NGN,sell,1752.1895
2026-04-30,CNY,NGN,buy,201.2425
2026-04-30,CNY,NGN,middle,201.3158
2026-04-30,CNY,NGN,sell,201.389
2026-04-30,DKK,NGN,buy,214.9675
2026-04-30,DKK,NGN,middle,215.0457
2026-04-30,DKK,NGN,sell,215.1239
2026-04-30,EUR,NGN,buy,1606.4143
2026-04-30,EUR,NGN,middle,1606.9989
2026-04-30,EUR,NGN,sell,1607.5835
2026-04-30,GBP,NGN,buy,1856.8841
2026-04-30,GBP,NGN,middle,1857.5598
2026-04-30,GBP,NGN,sell,1858.2356
2026-04-30,JPY,NGN,buy,8.7624
2026-04-30,JPY,NGN,middle,8.7656
2026-04-30,JPY,NGN,sell,8.7688
2026-04-30,SAR,NGN,buy,366.3262
2026-04-30,SAR,NGN,middle,366.4595
2026-04-30,SAR,NGN,sell,366.5928
2026-04-30,USD,NGN,buy,1373.9431
2026-04-30,USD,NGN,middle,1374.4431
2026-04-30,USD,NGN,sell,1374.9431
2026-04-30,XDR,NGN,buy,1886.946
2026-04-30,XDR,NGN,middle,1887.6327
2026-04-30,XDR,NGN,sell,1888.3194
2026-04-30,XOF,NGN,buy,2.4408
2026-04-30,XOF,NGN,middle,2.4508
2026-04-30,XOF,NGN,sell,2.4608
2026-04-30,XUA,NGN,buy,1887.8294
2026-04-30,XUA,NGN,middle,1888.5165
2026-04-30,XUA,NGN,sell,1889.2035
2026-04-30,ZAR,NGN,buy,81.6972
2026-04-30,ZAR,NGN,middle,81.727
2026-04-30,ZAR,NGN,sell,81.7567
2026-05-04,AED,NGN,buy,371.361
2026-05-04,AED,NGN,middle,371.4971
2026-05-04,AED,NGN,sell,371.6332
2026-05-04,CHF,NGN,buy,1742.314
2026-05-04,CHF,NGN,middle,1742.9526
2026-05-04,CHF,NGN,sell,1743.5912
2026-05-04,CNY,NGN,buy,199.7265
2026-05-04,CNY,NGN,middle,199.7997
2026-05-04,CNY,NGN,sell,199.8729
2026-05-04,DKK,NGN,buy,213.7825
2026-05-04,DKK,NGN,middle,213.8609
2026-05-04,DKK,NGN,sell,213.9392
2026-05-04,EUR,NGN,buy,1597.7884
2026-05-04,EUR,NGN,middle,1598.374
2026-05-04,EUR,NGN,sell,1598.9596
2026-05-04,GBP,NGN,buy,1849.8985
2026-05-04,GBP,NGN,middle,1850.5765
2026-05-04,GBP,NGN,sell,1851.2545
2026-05-04,JPY,NGN,buy,8.6827
2026-05-04,JPY,NGN,middle,8.6859
2026-05-04,JPY,NGN,sell,8.6891
2026-05-04,SAR,NGN,buy,363.7079
2026-05-04,SAR,NGN,middle,363.8412
2026-05-04,SAR,NGN,sell,363.9745
2026-05-04,USD,NGN,buy,1364.2319
2026-05-04,USD,NGN,middle,1364.7319
2026-05-04,USD,NGN,sell,1365.2319
2026-05-04,XDR,NGN,buy,1873.6088
2026-05-04,XDR,NGN,middle,1874.2955
2026-05-04,XDR,NGN,sell,1874.9822
2026-05-04,XOF,NGN,buy,2.4364
2026-05-04,XOF,NGN,middle,2.4464
2026-05-04,XOF,NGN,sell,2.4564
2026-05-04,XUA,NGN,buy,1887.8197
2026-05-04,XUA,NGN,middle,1888.5116
2026-05-04,XUA,NGN,sell,1889.2035
2026-05-04,ZAR,NGN,buy,81.6202
2026-05-04,ZAR,NGN,middle,81.6501
2026-05-04,ZAR,NGN,sell,81.68
2026-05-05,AED,NGN,buy,371.7527
2026-05-05,AED,NGN,middle,371.8888
2026-05-05,AED,NGN,sell,372.0249
2026-05-05,CHF,NGN,buy,1743.5638
2026-05-05,CHF,NGN,middle,1744.2022
2026-05-05,CHF,NGN,sell,1744.8407
2026-05-05,CNY,NGN,buy,199.9208
2026-05-05,CNY,NGN,middle,199.994
2026-05-05,CNY,NGN,sell,200.0672
2026-05-05,DKK,NGN,buy,213.7494
2026-05-05,DKK,NGN,middle,213.8276
2026-05-05,DKK,NGN,sell,213.9059
2026-05-05,EUR,NGN,buy,1597.5677
2026-05-05,EUR,NGN,middle,1598.1527
2026-05-05,EUR,NGN,sell,1598.7376
2026-05-05,GBP,NGN,buy,1851.4252
2026-05-05,GBP,NGN,middle,1852.1031
2026-05-05,GBP,NGN,sell,1852.781
2026-05-05,JPY,NGN,buy,8.6559
2026-05-05,JPY,NGN,middle,8.6591
2026-05-05,JPY,NGN,sell,8.6623
2026-05-05,SAR,NGN,buy,363.8968
2026-05-05,SAR,NGN,middle,364.0301
2026-05-05,SAR,NGN,sell,364.1633
2026-05-05,USD,NGN,buy,1365.5592
2026-05-05,USD,NGN,middle,1366.0592
2026-05-05,USD,NGN,sell,1366.5592
2026-05-05,XDR,NGN,buy,1875.4317
2026-05-05,XDR,NGN,middle,1876.1184
2026-05-05,XDR,NGN,sell,1876.8051
2026-05-05,XOF,NGN,buy,2.4142
2026-05-05,XOF,NGN,middle,2.4242
2026-05-05,XOF,NGN,sell,2.4342
2026-05-05,XUA,NGN,buy,1870.101
2026-05-05,XUA,NGN,middle,1870.7858
2026-05-05,XUA,NGN,sell,1871.4705
2026-05-05,ZAR,NGN,buy,82.0806
2026-05-05,ZAR,NGN,middle,82.1107
2026-05-05,ZAR,NGN,sell,82.1407
2026-05-06,AED,NGN,buy,369.2421
2026-05-06,AED,NGN,middle,369.3782
2026-05-06,AED,NGN,sell,369.5144
2026-05-06,CHF,NGN,buy,1738.448
2026-05-06,CHF,NGN,middle,1739.0888
2026-05-06,CHF,NGN,sell,1739.7297
2026-05-06,CNY,NGN,buy,199.1275
2026-05-06,CNY,NGN,middle,199.2009
2026-05-06,CNY,NGN,sell,199.2743
2026-05-06,DKK,NGN,buy,213.2639
2026-05-06,DKK,NGN,middle,213.3425
2026-05-06,DKK,NGN,sell,213.4211
2026-05-06,EUR,NGN,buy,1593.8317
2026-05-06,EUR,NGN,middle,1594.4193
2026-05-06,EUR,NGN,sell,1595.0068
2026-05-06,GBP,NGN,buy,1845.8392
2026-05-06,GBP,NGN,middle,1846.5196
2026-05-06,GBP,NGN,sell,1847.2001
2026-05-06,JPY,NGN,buy,8.685
2026-05-06,JPY,NGN,middle,8.6882
2026-05-06,JPY,NGN,sell,8.6914
2026-05-06,SAR,NGN,buy,361.5453
2026-05-06,SAR,NGN,middle,361.6786
2026-05-06,SAR,NGN,sell,361.8118
2026-05-06,USD,NGN,buy,1356.3371
2026-05-06,USD,NGN,middle,1356.8371
2026-05-06,USD,NGN,sell,1357.3371
2026-05-06,XDR,NGN,buy,1862.7662
2026-05-06,XDR,NGN,middle,1863.4529
2026-05-06,XDR,NGN,sell,1864.1396
2026-05-06,XOF,NGN,buy,2.4137
2026-05-06,XOF,NGN,middle,2.4237
2026-05-06,XOF,NGN,sell,2.4337
2026-05-06,XUA,NGN,buy,1871.0778
2026-05-06,XUA,NGN,middle,1871.7676
2026-05-06,XUA,NGN,sell,1872.4573
2026-05-06,ZAR,NGN,buy,82.6682
2026-05-06,ZAR,NGN,middle,82.6987
2026-05-06,ZAR,NGN,sell,82.7291
2026-05-07,AED,NGN,buy,368.8373
2026-05-07,AED,NGN,middle,368.9735
2026-05-07,AED,NGN,sell,369.1096
2026-05-07,CHF,NGN,buy,1743.021
2026-05-07,CHF,NGN,middle,1743.6642
2026-05-07,CHF,NGN,sell,1744.3075
2026-05-07,CNY,NGN,buy,199.1753
2026-05-07,CNY,NGN,middle,199.2488
2026-05-07,CNY,NGN,sell,199.3223
2026-05-07,DKK,NGN,buy,213.4093
2026-05-07,DKK,NGN,middle,213.488
2026-05-07,DKK,NGN,sell,213.5668
2026-05-07,EUR,NGN,buy,1592.0845
2026-05-07,EUR,NGN,middle,1592.672
2026-05-07,EUR,NGN,sell,1593.2596
2026-05-07,GBP,NGN,buy,1843.8156
2026-05-07,GBP,NGN,middle,1844.4961
2026-05-07,GBP,NGN,sell,1845.1765
2026-05-07,JPY,NGN,buy,8.6638
2026-05-07,JPY,NGN,middle,8.667
2026-05-07,JPY,NGN,sell,8.6702
2026-05-07,SAR,NGN,buy,361.1971
2026-05-07,SAR,NGN,middle,361.3304
2026-05-07,SAR,NGN,sell,361.4637
2026-05-07,USD,NGN,buy,1354.8502
2026-05-07,USD,NGN,middle,1355.3502
2026-05-07,USD,NGN,sell,1355.8502
2026-05-07,XDR,NGN,buy,1860.7242
2026-05-07,XDR,NGN,middle,1861.4109
2026-05-07,XDR,NGN,sell,1862.0975
2026-05-07,XOF,NGN,buy,2.4129
2026-05-07,XOF,NGN,middle,2.4229
2026-05-07,XOF,NGN,sell,2.4329
2026-05-07,XUA,NGN,buy,1866.9053
2026-05-07,XUA,NGN,middle,1867.5943
2026-05-07,XUA,NGN,sell,1868.2833
2026-05-07,ZAR,NGN,buy,83.1115
2026-05-07,ZAR,NGN,middle,83.1422
2026-05-07,ZAR,NGN,sell,83.1728
2026-05-08,AED,NGN,buy,370.3468
2026-05-08,AED,NGN,middle,370.4829
2026-05-08,AED,NGN,sell,370.6191
2026-05-08,CHF,NGN,buy,1748.355
2026-05-08,CHF,NGN,middle,1748.9976
2026-05-08,CHF,NGN,sell,1749.6401
2026-05-08,CNY,NGN,buy,200.0375
2026-05-08,CNY,NGN,middle,200.111
2026-05-08,CNY,NGN,sell,200.1845
2026-05-08,DKK,NGN,buy,214.2692
2026-05-08,DKK,NGN,middle,214.3479
2026-05-08,DKK,NGN,sell,214.4267
2026-05-08,EUR,NGN,buy,1601.457
2026-05-08,EUR,NGN,middle,1602.0456
2026-05-08,EUR,NGN,sell,1602.6342
2026-05-08,GBP,NGN,buy,1852.3138
2026-05-08,GBP,NGN,middle,1852.9946
2026-05-08,GBP,NGN,sell,1853.6754
2026-05-08,JPY,NGN,buy,8.686
2026-05-08,JPY,NGN,middle,8.6892
2026-05-08,JPY,NGN,sell,8.6923
2026-05-08,SAR,NGN,buy,362.6173
2026-05-08,SAR,NGN,middle,362.7506
2026-05-08,SAR,NGN,sell,362.8838
2026-05-08,USD,NGN,buy,1360.395
2026-05-08,USD,NGN,middle,1360.895
2026-05-08,USD,NGN,sell,1361.395
2026-05-08,XDR,NGN,buy,1868.3393
2026-05-08,XDR,NGN,middle,1869.026
2026-05-08,XDR,NGN,sell,1869.7127
2026-05-08,XOF,NGN,buy,2.4129
2026-05-08,XOF,NGN,middle,2.4229
2026-05-08,XOF,NGN,sell,2.4329
2026-05-08,XUA,NGN,buy,1866.9109
2026-05-08,XUA,NGN,middle,1867.5971
2026-05-08,XUA,NGN,sell,1868.2833
2026-05-08,ZAR,NGN,buy,82.9681
2026-05-08,ZAR,NGN,middle,82.9986
2026-05-08,ZAR,NGN,sell,83.0291
2026-05-11,AED,NGN,buy,373.5711
2026-05-11,AED,NGN,middle,373.7072
2026-05-11,AED,NGN,sell,373.8433
2026-05-11,CHF,NGN,buy,1764.6142
2026-05-11,CHF,NGN,middle,1765.2572
2026-05-11,CHF,NGN,sell,1765.9002
2026-05-11,CNY,NGN,buy,201.9165
2026-05-11,CNY,NGN,middle,201.9901
2026-05-11,CNY,NGN,sell,202.0637
2026-05-11,DKK,NGN,buy,216.3955
2026-05-11,DKK,NGN,middle,216.4744
2026-05-11,DKK,NGN,sell,216.5532
2026-05-11,EUR,NGN,buy,1617.2325
2026-05-11,EUR,NGN,middle,1617.8218
2026-05-11,EUR,NGN,sell,1618.4111
2026-05-11,GBP,NGN,buy,1869.7107
2026-05-11,GBP,NGN,middle,1870.392
2026-05-11,GBP,NGN,sell,1871.0733
2026-05-11,JPY,NGN,buy,8.7371
2026-05-11,JPY,NGN,middle,8.7403
2026-05-11,JPY,NGN,sell,8.7435
2026-05-11,SAR,NGN,buy,365.7251
2026-05-11,SAR,NGN,middle,365.8584
2026-05-11,SAR,NGN,sell,365.9916
2026-05-11,USD,NGN,buy,1372.164
2026-05-11,USD,NGN,middle,1372.664
2026-05-11,USD,NGN,sell,1373.164
2026-05-11,XDR,NGN,buy,1884.5026
2026-05-11,XDR,NGN,middle,1885.1893
2026-05-11,XDR,NGN,sell,1885.876
2026-05-11,XOF,NGN,buy,2.42
2026-05-11,XOF,NGN,middle,2.43
2026-05-11,XOF,NGN,sell,2.44
2026-05-11,XUA,NGN,buy,1870.3167
2026-05-11,XUA,NGN,middle,1870.9982
2026-05-11,XUA,NGN,sell,1871.6797
2026-05-11,ZAR,NGN,buy,83.8137
2026-05-11,ZAR,NGN,middle,83.8442
2026-05-11,ZAR,NGN,sell,83.8748
2026-05-12,AED,NGN,buy,374.2097
2026-05-12,AED,NGN,middle,374.3458
2026-05-12,AED,NGN,sell,374.4819
2026-05-12,CHF,NGN,buy,1758.7281
2026-05-12,CHF,NGN,middle,1759.3678
2026-05-12,CHF,NGN,sell,1760.0075
2026-05-12,CNY,NGN,buy,202.3824
2026-05-12,CNY,NGN,middle,202.456
2026-05-12,CNY,NGN,sell,202.5297
2026-05-12,DKK,NGN,buy,215.8877
2026-05-12,DKK,NGN,middle,215.9662
2026-05-12,DKK,NGN,sell,216.0448
2026-05-12,EUR,NGN,buy,1620.1294
2026-05-12,EUR,NGN,middle,1620.7187
2026-05-12,EUR,NGN,sell,1621.308
2026-05-12,GBP,NGN,buy,1873.0598
2026-05-12,GBP,NGN,middle,1873.7411
2026-05-12,GBP,NGN,sell,1874.4224
2026-05-12,JPY,NGN,buy,8.7222
2026-05-12,JPY,NGN,middle,8.7254
2026-05-12,JPY,NGN,sell,8.7286
2026-05-12,SAR,NGN,buy,366.3412
2026-05-12,SAR,NGN,middle,366.4744
2026-05-12,SAR,NGN,sell,366.6077
2026-05-12,USD,NGN,buy,1374.6219
2026-05-12,USD,NGN,middle,1375.1219
2026-05-12,USD,NGN,sell,1375.6219
2026-05-12,XDR,NGN,buy,1887.8782
2026-05-12,XDR,NGN,middle,1888.5649
2026-05-12,XDR,NGN,sell,1889.2516
2026-05-12,XOF,NGN,buy,2.4209
2026-05-12,XOF,NGN,middle,2.4309
2026-05-12,XOF,NGN,sell,2.4409
2026-05-12,XUA,NGN,buy,1870.3599
2026-05-12,XUA,NGN,middle,1871.0402
2026-05-12,XUA,NGN,sell,1871.7205
2026-05-12,ZAR,NGN,buy,83.2892
2026-05-12,ZAR,NGN,middle,83.3195
2026-05-12,ZAR,NGN,sell,83.3498
2026-05-13,AED,NGN,buy,372.8622
2026-05-13,AED,NGN,middle,372.9983
2026-05-13,AED,NGN,sell,373.1344
2026-05-13,CHF,NGN,buy,1751.1316
2026-05-13,CHF,NGN,middle,1751.7709
2026-05-13,CHF,NGN,sell,1752.4102
2026-05-13,CNY,NGN,buy,201.6698
2026-05-13,CNY,NGN,middle,201.7435
2026-05-13,CNY,NGN,sell,201.8171
2026-05-13,DKK,NGN,buy,214.6377
2026-05-13,DKK,NGN,middle,214.716
2026-05-13,DKK,NGN,sell,214.7944
2026-05-13,EUR,NGN,buy,1604.0287
2026-05-13,EUR,NGN,middle,1604.6143
2026-05-13,EUR,NGN,sell,1605.1999
2026-05-13,GBP,NGN,buy,1851.6452
2026-05-13,GBP,NGN,middle,1852.3212
2026-05-13,GBP,NGN,sell,1852.9972
2026-05-13,JPY,NGN,buy,8.6796
2026-05-13,JPY,NGN,middle,8.6828
2026-05-13,JPY,NGN,sell,8.6828
2026-05-13,SAR,NGN,buy,365.0116
2026-05-13,SAR,NGN,middle,365.1449
2026-05-13,SAR,NGN,sell,365.2781
2026-05-13,USD,NGN,buy,1369.56
2026-05-13,USD,NGN,middle,1370.06
2026-05-13,USD,NGN,sell,1370.56
2026-05-13,XDR,NGN,buy,1880.9264
2026-05-13,XDR,NGN,middle,1881.613
2026-05-13,XDR,NGN,sell,1882.2997
2026-05-13,XOF,NGN,buy,2.4407
2026-05-13,XOF,NGN,middle,2.4507
2026-05-13,XOF,NGN,sell,2.4607
2026-05-13,XUA,NGN,buy,1887.558
2026-05-13,XUA,NGN,middle,1888.2471
2026-05-13,XUA,NGN,sell,1888.9362
2026-05-13,ZAR,NGN,buy,83.2873
2026-05-13,ZAR,NGN,middle,83.3177
2026-05-13,ZAR,NGN,sell,83.3481
2026-05-14,AED,NGN,buy,372.9408
2026-05-14,AED,NGN,middle,373.0769
2026-05-14,AED,NGN,sell,373.2131
2026-05-14,CHF,NGN,buy,1750.877
2026-05-14,CHF,NGN,middle,1751.5161
2026-05-14,CHF,NGN,sell,1752.1552
2026-05-14,CNY,NGN,buy,201.8933
2026-05-14,CNY,NGN,middle,201.967
2026-05-14,CNY,NGN,sell,202.0406
2026-05-14,DKK,NGN,buy,214.3361
2026-05-14,DKK,NGN,middle,214.4143
2026-05-14,DKK,NGN,sell,214.4925
2026-05-14,EUR,NGN,buy,1601.8079
2026-05-14,EUR,NGN,middle,1602.3926
2026-05-14,EUR,NGN,sell,1602.9772
2026-05-14,GBP,NGN,buy,1850.0313
2026-05-14,GBP,NGN,middle,1850.7066
2026-05-14,GBP,NGN,sell,1851.3818
2026-05-14,JPY,NGN,buy,8.6762
2026-05-14,JPY,NGN,middle,8.6794
2026-05-14,JPY,NGN,sell,8.6825
2026-05-14,SAR,NGN,buy,365.0402
2026-05-14,SAR,NGN,middle,365.1734
2026-05-14,SAR,NGN,sell,365.3066
2026-05-14,USD,NGN,buy,1369.8862
2026-05-14,USD,NGN,middle,1370.3862
2026-05-14,USD,NGN,sell,1370.8862
2026-05-14,XDR,NGN,buy,1881.3743
2026-05-14,XDR,NGN,middle,1882.061
2026-05-14,XDR,NGN,sell,1882.7477
2026-05-14,XOF,NGN,buy,2.4268
2026-05-14,XOF,NGN,middle,2.4368
2026-05-14,XOF,NGN,sell,2.4468
2026-05-14,XUA,NGN,buy,1878.7892
2026-05-14,XUA,NGN,middle,1879.475
2026-05-14,XUA,NGN,sell,1880.1607
2026-05-14,ZAR,NGN,buy,83.1731
2026-05-14,ZAR,NGN,middle,83.2035
2026-05-14,ZAR,NGN,sell,83.2338
2026-05-15,AED,NGN,buy,372.9723
2026-05-15,AED,NGN,middle,373.1084
2026-05-15,AED,NGN,sell,373.2445
2026-05-15,CHF,NGN,buy,1743.2741
2026-05-15,CHF,NGN,middle,1743.9103
2026-05-15,CHF,NGN,sell,1744.5465
2026-05-15,CNY,NGN,buy,201.1628
2026-05-15,CNY,NGN,middle,201.2362
2026-05-15,CNY,NGN,sell,201.3096
2026-05-15,DKK,NGN,buy,213.2622
2026-05-15,DKK,NGN,middle,213.34
2026-05-15,DKK,NGN,sell,213.4179
2026-05-15,EUR,NGN,buy,1593.9035
2026-05-15,EUR,NGN,middle,1594.4852
2026-05-15,EUR,NGN,sell,1595.0669
2026-05-15,GBP,NGN,buy,1829.2762
2026-05-15,GBP,NGN,middle,1829.9438
2026-05-15,GBP,NGN,sell,1830.6114
2026-05-15,JPY,NGN,buy,8.634
2026-05-15,JPY,NGN,middle,8.6371
2026-05-15,JPY,NGN,sell,8.6403
2026-05-15,SAR,NGN,buy,365.0809
2026-05-15,SAR,NGN,middle,365.2141
2026-05-15,SAR,NGN,sell,365.3474
2026-05-15,USD,NGN,buy,1370.0391
2026-05-15,USD,NGN,middle,1370.5391
2026-05-15,USD,NGN,sell,1371.0391
2026-05-15,XDR,NGN,buy,1881.5843
2026-05-15,XDR,NGN,middle,1882.271
2026-05-15,XDR,NGN,sell,1882.9577
2026-05-15,XOF,NGN,buy,2.4247
2026-05-15,XOF,NGN,middle,2.4347
2026-05-15,XOF,NGN,sell,2.4447
2026-05-15,XUA,NGN,buy,1879.1956
2026-05-15,XUA,NGN,middle,1879.8815
2026-05-15,XUA,NGN,sell,1880.5673
2026-05-15,ZAR,NGN,buy,82.3054
2026-05-15,ZAR,NGN,middle,82.3354
2026-05-15,ZAR,NGN,sell,82.3655
2026-05-18,AED,NGN,buy,373.6866
2026-05-18,AED,NGN,middle,373.8227
2026-05-18,AED,NGN,sell,373.9588
2026-05-18,CHF,NGN,buy,1748.4402
2026-05-18,CHF,NGN,middle,1749.0771
2026-05-18,CHF,NGN,sell,1749.7139
2026-05-18,CNY,NGN,buy,201.8529
2026-05-18,CNY,NGN,middle,201.9264
2026-05-18,CNY,NGN,sell,201.9999
2026-05-18,DKK,NGN,buy,213.9829
2026-05-18,DKK,NGN,middle,214.0609
2026-05-18,DKK,NGN,sell,214.1388
2026-05-18,EUR,NGN,buy,1599.3332
2026-05-18,EUR,NGN,middle,1599.9158
2026-05-18,EUR,NGN,sell,1600.4983
2026-05-18,GBP,NGN,buy,1838.3204
2026-05-18,GBP,NGN,middle,1838.99
2026-05-18,GBP,NGN,sell,1839.6596
2026-05-18,JPY,NGN,buy,8.6475
2026-05-18,JPY,NGN,middle,8.6506
2026-05-18,JPY,NGN,sell,8.6538
2026-05-18,SAR,NGN,buy,365.7511
2026-05-18,SAR,NGN,middle,365.8843
2026-05-18,SAR,NGN,sell,366.0175
2026-05-18,USD,NGN,buy,1372.7004
2026-05-18,USD,NGN,middle,1373.2004
2026-05-18,USD,NGN,sell,1373.7004
2026-05-18,XDR,NGN,buy,1885.2393
2026-05-18,XDR,NGN,middle,1885.926
2026-05-18,XDR,NGN,sell,1886.6127
2026-05-18,XOF,NGN,buy,2.4095
2026-05-18,XOF,NGN,middle,2.4195
2026-05-18,XOF,NGN,sell,2.4295
2026-05-18,XUA,NGN,buy,1873.9435
2026-05-18,XUA,NGN,middle,1874.6261
2026-05-18,XUA,NGN,sell,1875.3087
2026-05-18,ZAR,NGN,buy,82.7536
2026-05-18,ZAR,NGN,middle,82.7838
2026-05-18,ZAR,NGN,sell,82.8139
2026-05-19,AED,NGN,buy,373.7536
2026-05-19,AED,NGN,middle,373.8897
2026-05-19,AED,NGN,sell,374.0258
2026-05-19,CHF,NGN,buy,1739.1331
2026-05-19,CHF,NGN,middle,1739.7665
2026-05-19,CHF,NGN,sell,1740.3999
2026-05-19,CNY,NGN,buy,201.6586
2026-05-19,CNY,NGN,middle,201.7321
2026-05-19,CNY,NGN,sell,201.8055
2026-05-19,DKK,NGN,buy,213.1788
2026-05-19,DKK,NGN,middle,213.2565
2026-05-19,DKK,NGN,sell,213.3341
2026-05-19,EUR,NGN,buy,1593.3549
2026-05-19,EUR,NGN,middle,1593.9352
2026-05-19,EUR,NGN,sell,1594.5155
2026-05-19,GBP,NGN,buy,1838.2752
2026-05-19,GBP,NGN,middle,1838.9447
2026-05-19,GBP,NGN,sell,1839.6142
2026-05-19,JPY,NGN,buy,8.6241
2026-05-19,JPY,NGN,middle,8.6272
2026-05-19,JPY,NGN,sell,8.6304
2026-05-19,SAR,NGN,buy,365.8357
2026-05-19,SAR,NGN,middle,365.969
2026-05-19,SAR,NGN,sell,366.1022
2026-05-19,USD,NGN,buy,1372.8717
2026-05-19,USD,NGN,middle,1373.3717
2026-05-19,USD,NGN,sell,1373.8717
2026-05-19,XDR,NGN,buy,1885.502
2026-05-19,XDR,NGN,middle,1886.1887
2026-05-19,XDR,NGN,sell,1886.8754
2026-05-19,XOF,NGN,buy,2.4184
2026-05-19,XOF,NGN,middle,2.4284
2026-05-19,XOF,NGN,sell,2.4384
2026-05-19,XUA,NGN,buy,1875.7163
2026-05-19,XUA,NGN,middle,1876.3995
2026-05-19,XUA,NGN,sell,1877.0826
2026-05-19,ZAR,NGN,buy,82.1528
2026-05-19,ZAR,NGN,middle,82.1827
2026-05-19,ZAR,NGN,sell,82.2126
2026-05-20,AED,NGN,buy,373.5995
2026-05-20,AED,NGN,middle,373.7356
2026-05-20,AED,NGN,sell,373.8718
2026-05-20,CHF,NGN,buy,1735.8248
2026-05-20,CHF,NGN,middle,1736.4572
2026-05-20,CHF,NGN,sell,1737.0897
2026-05-20,CNY,NGN,buy,201.6876
2026-05-20,CNY,NGN,middle,201.7611
2026-05-20,CNY,NGN,sell,201.8346
2026-05-20,DKK,NGN,buy,212.9314
2026-05-20,DKK,NGN,middle,213.009
2026-05-20,DKK,NGN,sell,213.0866
2026-05-20,EUR,NGN,buy,1591.3691
2026-05-20,EUR,NGN,middle,1591.9489
2026-05-20,EUR,NGN,sell,1592.5287
2026-05-20,GBP,NGN,buy,1838.6653
2026-05-20,GBP,NGN,middle,1839.3352
2026-05-20,GBP,NGN,sell,1840.0051
2026-05-20,JPY,NGN,buy,8.63
2026-05-20,JPY,NGN,middle,8.6331
2026-05-20,JPY,NGN,sell,8.6363
2026-05-20,SAR,NGN,buy,365.7046
2026-05-20,SAR,NGN,middle,365.8378
2026-05-20,SAR,NGN,sell,365.9711
2026-05-20,USD,NGN,buy,1372.3431
2026-05-20,USD,NGN,middle,1372.8431
2026-05-20,USD,NGN,sell,1373.3431
2026-05-20,XDR,NGN,buy,1884.776
2026-05-20,XDR,NGN,middle,1885.4627
2026-05-20,XDR,NGN,sell,1886.1494
2026-05-20,XOF,NGN,buy,2.4129
2026-05-20,XOF,NGN,middle,2.4229
2026-05-20,XOF,NGN,sell,2.4329
2026-05-20,XUA,NGN,buy,1875.9772
2026-05-20,XUA,NGN,middle,1876.6607
2026-05-20,XUA,NGN,sell,1877.3442
2026-05-20,ZAR,NGN,buy,82.6748
2026-05-20,ZAR,NGN,middle,82.7049
2026-05-20,ZAR,NGN,sell,82.735
2026-05-21,AED,NGN,buy,373.3177
2026-05-21,AED,NGN,middle,373.4538
2026-05-21,AED,NGN,sell,373.5899
2026-05-21,CHF,NGN,buy,1736.9321
2026-05-21,CHF,NGN,middle,1737.5654
2026-05-21,CHF,NGN,sell,1738.1987
2026-05-21,CNY,NGN,buy,201.5207
2026-05-21,CNY,NGN,middle,201.5942
2026-05-21,CNY,NGN,sell,201.6676
2026-05-21,DKK,NGN,buy,212.6685
2026-05-21,DKK,NGN,middle,212.7461
2026-05-21,DKK,NGN,sell,212.8236
2026-05-21,EUR,NGN,buy,1589.6201
2026-05-21,EUR,NGN,middle,1590.1997
2026-05-21,EUR,NGN,sell,1590.7793
2026-05-21,GBP,NGN,buy,1838.9239
2026-05-21,GBP,NGN,middle,1839.5944
2026-05-21,GBP,NGN,sell,1840.2649
2026-05-21,JPY,NGN,buy,8.6116
2026-05-21,JPY,NGN,middle,8.6147
2026-05-21,JPY,NGN,sell,8.6179
2026-05-21,SAR,NGN,buy,365.4093
2026-05-21,SAR,NGN,middle,365.5425
2026-05-21,SAR,NGN,sell,365.6757
2026-05-21,USD,NGN,buy,1371.3079
2026-05-21,USD,NGN,middle,1371.8079
2026-05-21,USD,NGN,sell,1372.3079
2026-05-21,XDR,NGN,buy,1883.3543
2026-05-21,XDR,NGN,middle,1884.041
2026-05-21,XDR,NGN,sell,1884.7277
2026-05-21,XOF,NGN,buy,2.41
2026-05-21,XOF,NGN,middle,2.42
2026-05-21,XOF,NGN,sell,2.43
2026-05-21,XUA,NGN,buy,1875.9762
2026-05-21,XUA,NGN,middle,1876.6602
2026-05-21,XUA,NGN,sell,1877.3442
2026-05-21,ZAR,NGN,buy,82.8875
2026-05-21,ZAR,NGN,middle,82.9178
2026-05-21,ZAR,NGN,sell,82.948
2026-05-22,AED,NGN,buy,374.1855
2026-05-22,AED,NGN,middle,374.3216
2026-05-22,AED,NGN,sell,374.4577
2026-05-22,CHF,NGN,buy,1750.233
2026-05-22,CHF,NGN,middle,1750.8697
2026-05-22,CHF,NGN,sell,1751.5064
2026-05-22,CNY,NGN,buy,202.3225
2026-05-22,CNY,NGN,middle,202.3961
2026-05-22,CNY,NGN,sell,202.4698
2026-05-22,DKK,NGN,buy,213.518
2026-05-22,DKK,NGN,middle,213.5957
2026-05-22,DKK,NGN,sell,213.6733
2026-05-22,EUR,NGN,buy,1595.8832
2026-05-22,EUR,NGN,middle,1596.4637
2026-05-22,EUR,NGN,sell,1597.0443
2026-05-22,GBP,NGN,buy,1848.3711
2026-05-22,GBP,NGN,middle,1849.0435
2026-05-22,GBP,NGN,sell,1849.7159
2026-05-22,JPY,NGN,buy,8.6406
2026-05-22,JPY,NGN,middle,8.6437
2026-05-22,JPY,NGN,sell,8.6469
2026-05-22,SAR,NGN,buy,366.2584
2026-05-22,SAR,NGN,middle,366.3917
2026-05-22,SAR,NGN,sell,366.5249
2026-05-22,USD,NGN,buy,1374.458
2026-05-22,USD,NGN,middle,1374.958
2026-05-22,USD,NGN,sell,1375.458
2026-05-22,XDR,NGN,buy,1887.6806
2026-05-22,XDR,NGN,middle,1888.3673
2026-05-22,XDR,NGN,sell,1889.054
2026-05-22,XOF,NGN,buy,2.4078
2026-05-22,XOF,NGN,middle,2.4178
2026-05-22,XOF,NGN,sell,2.4278
2026-05-22,XUA,NGN,buy,1874.2558
2026-05-22,XUA,NGN,middle,1874.9376
2026-05-22,XUA,NGN,sell,1875.6194
2026-05-22,ZAR,NGN,buy,83.664
2026-05-22,ZAR,NGN,middle,83.6945
2026-05-22,ZAR,NGN,sell,83.7249
2026-05-25,AED,NGN,buy,374.028
2026-05-25,AED,NGN,middle,374.1642
2026-05-25,AED,NGN,sell,374.3003
2026-05-25,CNY,NGN,buy,202.5112
2026-05-25,CNY,NGN,middle,202.5849
2026-05-25,CNY,NGN,sell,202.6586
2026-05-25,DKK,NGN,buy,214.0358
2026-05-25,DKK,NGN,middle,214.1137
2026-05-25,DKK,NGN,sell,214.1916
2026-05-25,EUR,NGN,buy,1599.5144
2026-05-25,EUR,NGN,middle,1600.0965
2026-05-25,EUR,NGN,sell,1600.6786
2026-05-25,GBP,NGN,buy,1854.376
2026-05-25,GBP,NGN,middle,1855.0509
2026-05-25,GBP,NGN,sell,1855.7257
2026-05-25,JPY,NGN,buy,8.6453
2026-05-25,JPY,NGN,middle,8.6485
2026-05-25,JPY,NGN,sell,8.6516
2026-05-25,SAR,NGN,buy,366.1338
2026-05-25,SAR,NGN,middle,366.2671
2026-05-25,SAR,NGN,sell,366.4003
2026-05-25,USD,NGN,buy,1373.9172
2026-05-25,USD,NGN,middle,1374.4172
2026-05-25,USD,NGN,sell,1374.9172
2026-05-25,XDR,NGN,buy,1886.9379
2026-05-25,XDR,NGN,middle,1887.6246
2026-05-25,XDR,NGN,sell,1888.3113
2026-05-25,XOF,NGN,buy,2.4104
2026-05-25,XOF,NGN,middle,2.4204
2026-05-25,XOF,NGN,sell,2.4304
2026-05-25,XUA,NGN,buy,1877.4174
2026-05-25,XUA,NGN,middle,1878.1007
2026-05-25,XUA,NGN,sell,1878.7839
2026-05-25,ZAR,NGN,buy,84.2558
2026-05-25,ZAR,NGN,middle,84.2865
2026-05-25,ZAR,NGN,sell,84.3171
2026-05-26,AED,NGN,buy,374.1615
2026-05-26,AED,NGN,middle,374.2976
2026-05-26,AED,NGN,sell,374.4337
2026-05-26,CHF,NGN,buy,1750.3914
2026-05-26,CHF,NGN,middle,1751.0281
2026-05-26,CHF,NGN,sell,1751.6649
2026-05-26,CNY,NGN,buy,202.5536
2026-05-26,CNY,NGN,middle,202.6273
2026-05-26,CNY,NGN,sell,202.701
2026-05-26,DKK,NGN,buy,213.8423
2026-05-26,DKK,NGN,middle,213.9201
2026-05-26,DKK,NGN,sell,213.9979
2026-05-26,EUR,NGN,buy,1598.1608
2026-05-26,EUR,NGN,middle,1598.7422
2026-05-26,EUR,NGN,sell,1599.3236
2026-05-26,GBP,NGN,buy,1850.9143
2026-05-26,GBP,NGN,middle,1851.5877
2026-05-26,GBP,NGN,sell,1852.261
2026-05-26,JPY,NGN,buy,8.6289
2026-05-26,JPY,NGN,middle,8.632
2026-05-26,JPY,NGN,sell,8.6352
2026-05-26,SAR,NGN,buy,366.2644
2026-05-26,SAR,NGN,middle,366.3977
2026-05-26,SAR,NGN,sell,366.5309
2026-05-26,USD,NGN,buy,1374.4073
2026-05-26,USD,NGN,middle,1374.9073
2026-05-26,USD,NGN,sell,1375.4073
2026-05-26,XDR,NGN,buy,1887.611
2026-05-26,XDR,NGN,middle,1888.2977
2026-05-26,XDR,NGN,sell,1888.9844
2026-05-26,XOF,NGN,buy,2.4095
2026-05-26,XOF,NGN,middle,2.4195
2026-05-26,XOF,NGN,sell,2.4295
2026-05-26,XUA,NGN,buy,1876.6795
2026-05-26,XUA,NGN,middle,1877.3622
2026-05-26,XUA,NGN,sell,1878.0449
2026-05-26,ZAR,NGN,buy,84.0025
2026-05-26,ZAR,NGN,middle,84.0331
2026-05-26,ZAR,NGN,sell,84.0636
2026-05-29,AED,NGN,buy,373.5754
2026-05-29,AED,NGN,middle,373.7115
2026-05-29,AED,NGN,sell,373.8476
2026-05-29,CHF,NGN,buy,1754.8012
2026-05-29,CHF,NGN,middle,1755.4405
2026-05-29,CHF,NGN,sell,1756.0799
2026-05-29,CNY,NGN,buy,202.8072
2026-05-29,CNY,NGN,middle,202.8811
2026-05-29,CNY,NGN,sell,202.955
2026-05-29,DKK,NGN,buy,213.8201
2026-05-29,DKK,NGN,middle,213.898
2026-05-29,DKK,NGN,sell,213.9759
2026-05-29,EUR,NGN,buy,1597.9904
2026-05-29,EUR,NGN,middle,1598.5726
2026-05-29,EUR,NGN,sell,1599.1549
2026-05-29,GBP,NGN,buy,1844.5845
2026-05-29,GBP,NGN,middle,1845.2566
2026-05-29,GBP,NGN,sell,1845.9287
2026-05-29,JPY,NGN,buy,8.6127
2026-05-29,JPY,NGN,middle,8.6158
2026-05-29,JPY,NGN,sell,8.6189
2026-05-29,SAR,NGN,buy,365.6907
2026-05-29,SAR,NGN,middle,365.824
2026-05-29,SAR,NGN,sell,365.9572
2026-05-29,USD,NGN,buy,1372.2545
2026-05-29,USD,NGN,middle,1372.7545
2026-05-29,USD,NGN,sell,1373.2545
2026-05-29,XDR,NGN,buy,1884.6543
2026-05-29,XDR,NGN,middle,1885.341
2026-05-29,XDR,NGN,sell,1886.0277
2026-05-29,XOF,NGN,buy,2.415
2026-05-29,XOF,NGN,middle,2.425
2026-05-29,XOF,NGN,sell,2.435
2026-05-29,XUA,NGN,buy,1877.69
2026-05-29,XUA,NGN,middle,1878.3741
2026-05-29,XUA,NGN,sell,1879.0583
2026-05-29,ZAR,NGN,buy,84.4256
2026-05-29,ZAR,NGN,middle,84.4564
2026-05-29,ZAR,NGN,sell,84.4872
2026-06-01,AED,NGN,buy,371.8068
2026-06-01,AED,NGN,middle,371.9429
2026-06-01,AED,NGN,sell,372.079
2026-06-01,CHF,NGN,buy,1732.5828
2026-06-01,CHF,NGN,middle,1733.217
2026-06-01,CHF,NGN,sell,1733.8513
2026-06-01,CNY,NGN,buy,201.8884
2026-06-01,CNY,NGN,middle,201.9623
2026-06-01,CNY,NGN,sell,202.0362
2026-06-01,DKK,NGN,buy,212.1854
2026-06-01,DKK,NGN,middle,212.2631
2026-06-01,DKK,NGN,sell,212.3408
2026-06-01,EUR,NGN,buy,1585.9612
2026-06-01,EUR,NGN,middle,1586.5418
2026-06-01,EUR,NGN,sell,1587.1224
2026-06-01,GBP,NGN,buy,1831.9408
2026-06-01,GBP,NGN,middle,1832.6115
2026-06-01,GBP,NGN,sell,1833.2821
2026-06-01,JPY,NGN,buy,8.5501
2026-06-01,JPY,NGN,middle,8.5532
2026-06-01,JPY,NGN,sell,8.5564
2026-06-01,SAR,NGN,buy,363.9306
2026-06-01,SAR,NGN,middle,364.0638
2026-06-01,SAR,NGN,sell,364.197
2026-06-01,USD,NGN,buy,1365.795
2026-06-01,USD,NGN,middle,1366.295
2026-06-01,USD,NGN,sell,1366.795
2026-06-01,XDR,NGN,buy,1875.7555
2026-06-01,XDR,NGN,middle,1876.4422
2026-06-01,XDR,NGN,sell,1877.1289
2026-06-01,XOF,NGN,buy,2.4203
2026-06-01,XOF,NGN,middle,2.4303
2026-06-01,XOF,NGN,sell,2.4403
2026-06-01,XUA,NGN,buy,1880.3185
2026-06-01,XUA,NGN,middle,1881.0069
2026-06-01,XUA,NGN,sell,1881.6952
2026-06-01,ZAR,NGN,buy,83.4359
2026-06-01,ZAR,NGN,middle,83.4664
2026-06-01,ZAR,NGN,sell,83.497
2026-06-02,AED,NGN,buy,370.2931
2026-06-02,AED,NGN,middle,370.4293
2026-06-02,AED,NGN,sell,370.5654
2026-06-02,CHF,NGN,buy,1728.3641
2026-06-02,CHF,NGN,middle,1728.9995
2026-06-02,CHF,NGN,sell,1729.6349
2026-06-02,CNY,NGN,buy,201.1105
2026-06-02,CNY,NGN,middle,201.1844
2026-06-02,CNY,NGN,sell,201.2583
2026-06-02,DKK,NGN,buy,211.7831
2026-06-02,DKK,NGN,middle,211.8609
2026-06-02,DKK,NGN,sell,211.9388
2026-06-02,EUR,NGN,buy,1583.2339
2026-06-02,EUR,NGN,middle,1583.8159
2026-06-02,EUR,NGN,sell,1584.398
2026-06-02,GBP,NGN,buy,1831.8509
2026-06-02,GBP,NGN,middle,1832.5244
2026-06-02,GBP,NGN,sell,1833.1978
2026-06-02,JPY,NGN,buy,8.5072
2026-06-02,JPY,NGN,middle,8.5104
2026-06-02,JPY,NGN,sell,8.5135
2026-06-02,SAR,NGN,buy,362.3514
2026-06-02,SAR,NGN,middle,362.4846
2026-06-02,SAR,NGN,sell,362.6178
2026-06-02,USD,NGN,buy,1360.0497
2026-06-02,USD,NGN,middle,1360.5497
2026-06-02,USD,NGN,sell,1361.0497
2026-06-02,XDR,NGN,buy,1867.8651
2026-06-02,XDR,NGN,middle,1868.5517
2026-06-02,XDR,NGN,sell,1869.2384
2026-06-02,XOF,NGN,buy,2.4057
2026-06-02,XOF,NGN,middle,2.4157
2026-06-02,XOF,NGN,sell,2.4257
2026-06-02,XUA,NGN,buy,1869.4249
2026-06-02,XUA,NGN,middle,1870.1122
2026-06-02,XUA,NGN,sell,1870.7994
2026-06-02,ZAR,NGN,buy,83.7366
2026-06-02,ZAR,NGN,middle,83.7674
2026-06-02,ZAR,NGN,sell,83.7982
2026-06-03,AED,NGN,buy,369.2316
2026-06-03,AED,NGN,middle,369.3677
2026-06-03,AED,NGN,sell,369.5038
2026-06-03,CHF,NGN,buy,1715.7008
2026-06-03,CHF,NGN,middle,1716.3333
2026-06-03,CHF,NGN,sell,1716.9658
2026-06-03,CNY,NGN,buy,200.3429
2026-06-03,CNY,NGN,middle,200.4168
2026-06-03,CNY,NGN,sell,200.4906
2026-06-03,DKK,NGN,buy,210.5538
2026-06-03,DKK,NGN,middle,210.6315
2026-06-03,DKK,NGN,sell,210.7091
2026-06-03,EUR,NGN,buy,1573.6702
2026-06-03,EUR,NGN,middle,1574.2504
2026-06-03,EUR,NGN,sell,1574.8305
2026-06-03,GBP,NGN,buy,1821.3236
2026-06-03,GBP,NGN,middle,1821.995
2026-06-03,GBP,NGN,sell,1822.6665
2026-06-03,JPY,NGN,buy,8.4788
2026-06-03,JPY,NGN,middle,8.4819
2026-06-03,JPY,NGN,sell,8.485
2026-06-03,SAR,NGN,buy,361.2844
2026-06-03,SAR,NGN,middle,361.4176
2026-06-03,SAR,NGN,sell,361.5507
2026-06-03,USD,NGN,buy,1356.2615
2026-06-03,USD,NGN,middle,1356.7615
2026-06-03,USD,NGN,sell,1357.2615
2026-06-03,XDR,NGN,buy,1862.6624
2026-06-03,XDR,NGN,middle,1863.3491
2026-06-03,XDR,NGN,sell,1864.0358
2026-06-03,XOF,NGN,buy,2.3962
2026-06-03,XOF,NGN,middle,2.4062
2026-06-03,XOF,NGN,sell,2.4162
2026-06-03,XUA,NGN,buy,1861.3018
2026-06-03,XUA,NGN,middle,1861.988
2026-06-03,XUA,NGN,sell,1862.6742
2026-06-03,ZAR,NGN,buy,83.1425
2026-06-03,ZAR,NGN,middle,83.1731
2026-06-03,ZAR,NGN,sell,83.2038
2026-06-04,AED,NGN,buy,369.6362
2026-06-04,AED,NGN,middle,369.7724
2026-06-04,AED,NGN,sell,369.9085
2026-06-04,CHF,NGN,buy,1723.4676
2026-06-04,CHF,NGN,middle,1724.1023
2026-06-04,CHF,NGN,sell,1724.737
2026-06-04,CNY,NGN,buy,200.4292
2026-06-04,CNY,NGN,middle,200.5031
2026-06-04,CNY,NGN,sell,200.5769
2026-06-04,DKK,NGN,buy,211.4279
2026-06-04,DKK,NGN,middle,211.5058
2026-06-04,DKK,NGN,sell,211.5836
2026-06-04,EUR,NGN,buy,1580.4184
2026-06-04,EUR,NGN,middle,1581.0004
2026-06-04,EUR,NGN,sell,1581.5824
2026-06-04,GBP,NGN,buy,1826.7139
2026-06-04,GBP,NGN,middle,1827.3866
2026-06-04,GBP,NGN,sell,1828.0593
2026-06-04,JPY,NGN,buy,8.4912
2026-06-04,JPY,NGN,middle,8.4944
2026-06-04,JPY,NGN,sell,8.4975
2026-06-04,SAR,NGN,buy,361.6321
2026-06-04,SAR,NGN,middle,361.7653
2026-06-04,SAR,NGN,sell,361.8985
2026-06-04,USD,NGN,buy,1357.7478
2026-06-04,USD,NGN,middle,1358.2478
2026-06-04,USD,NGN,sell,1358.7478
2026-06-04,XDR,NGN,buy,1864.7037
2026-06-04,XDR,NGN,middle,1865.3904
2026-06-04,XDR,NGN,sell,1866.0771
2026-06-04,XOF,NGN,buy,2.3822
2026-06-04,XOF,NGN,middle,2.3922
2026-06-04,XOF,NGN,sell,2.4022
2026-06-04,XUA,NGN,buy,1854.155
2026-06-04,XUA,NGN,middle,1854.8378
2026-06-04,XUA,NGN,sell,1855.5206
2026-06-04,ZAR,NGN,buy,83.5846
2026-06-04,ZAR,NGN,middle,83.6154
2026-06-04,ZAR,NGN,sell,83.6461
2026-06-05,AED,NGN,buy,370.6198
2026-06-05,AED,NGN,middle,370.7559
2026-06-05,AED,NGN,sell,370.892
2026-06-05,CHF,NGN,buy,1712.8631
2026-06-05,CHF,NGN,middle,1713.4923
2026-06-05,CHF,NGN,sell,1714.1214
2026-06-05,CNY,NGN,buy,201.1901
2026-06-05,CNY,NGN,middle,201.264
2026-06-05,CNY,NGN,sell,201.3379
2026-06-05,DKK,NGN,buy,210.4924
2026-06-05,DKK,NGN,middle,210.5697
2026-06-05,DKK,NGN,sell,210.647
2026-06-05,EUR,NGN,buy,1573.4253
2026-06-05,EUR,NGN,middle,1574.0032
2026-06-05,EUR,NGN,sell,1574.5812
2026-06-05,GBP,NGN,buy,1822.2549
2026-06-05,GBP,NGN,middle,1822.9243
2026-06-05,GBP,NGN,sell,1823.5936
2026-06-05,JPY,NGN,buy,8.4954
2026-06-05,JPY,NGN,middle,8.4985
2026-06-05,JPY,NGN,sell,8.5016
2026-06-05,SAR,NGN,buy,362.5163
2026-06-05,SAR,NGN,middle,362.6494
2026-06-05,SAR,NGN,sell,362.7826
2026-06-05,USD,NGN,buy,1361.2123
2026-06-05,USD,NGN,middle,1361.7123
2026-06-05,USD,NGN,sell,1362.2123
2026-06-05,XDR,NGN,buy,1869.4617
2026-06-05,XDR,NGN,middle,1870.1484
2026-06-05,XDR,NGN,sell,1870.8351
2026-06-05,XOF,NGN,buy,2.3902
2026-06-05,XOF,NGN,middle,2.4002
2026-06-05,XOF,NGN,sell,2.4102
2026-06-05,XUA,NGN,buy,1856.7325
2026-06-05,XUA,NGN,middle,1857.4146
2026-06-05,XUA,NGN,sell,1858.0966
2026-06-05,ZAR,NGN,buy,82.6475
2026-06-05,ZAR,NGN,middle,82.6778
2026-06-05,ZAR,NGN,sell,82.7082
2026-06-08,AED,NGN,buy,370.7805
2026-06-08,AED,NGN,middle,370.9166
2026-06-08,AED,NGN,sell,371.0528
2026-06-08,CHF,NGN,buy,1712.7905
2026-06-08,CHF,NGN,middle,1713.4193
2026-06-08,CHF,NGN,sell,1714.0482
2026-06-08,CNY,NGN,buy,200.8376
2026-06-08,CNY,NGN,middle,200.9114
2026-06-08,CNY,NGN,sell,200.9851
2026-06-08,DKK,NGN,buy,210.443
2026-06-08,DKK,NGN,middle,210.5203
2026-06-08,DKK,NGN,sell,210.5975
2026-06-08,EUR,NGN,buy,1573.1972
2026-06-08,EUR,NGN,middle,1573.7748
2026-06-08,EUR,NGN,sell,1574.3524
2026-06-08,GBP,NGN,buy,1819.9626
2026-06-08,GBP,NGN,middle,1820.6308
2026-06-08,GBP,NGN,sell,1821.299
2026-06-08,JPY,NGN,buy,8.5131
2026-06-08,JPY,NGN,middle,8.5162
2026-06-08,JPY,NGN,sell,8.5193
2026-06-08,SAR,NGN,buy,362.5675
2026-06-08,SAR,NGN,middle,362.7006
2026-06-08,SAR,NGN,sell,362.8337
2026-06-08,USD,NGN,buy,1361.8397
2026-06-08,USD,NGN,middle,1362.3397
2026-06-08,USD,NGN,sell,1362.8397
2026-06-08,XDR,NGN,buy,1870.2689
2026-06-08,XDR,NGN,middle,1870.9556
2026-06-08,XDR,NGN,sell,1871.6423
2026-06-08,XOF,NGN,buy,2.3964
2026-06-08,XOF,NGN,middle,2.4064
2026-06-08,XOF,NGN,sell,2.4164
2026-06-08,XUA,NGN,buy,1862.4625
2026-06-08,XUA,NGN,middle,1863.1463
2026-06-08,XUA,NGN,sell,1863.8301
2026-06-08,ZAR,NGN,buy,82.6936
2026-06-08,ZAR,NGN,middle,82.724
2026-06-08,ZAR,NGN,sell,82.7543
2026-06-09,AED,NGN,buy,370.1274
2026-06-09,AED,NGN,middle,370.2635
2026-06-09,AED,NGN,sell,370.3996
2026-06-09,CHF,NGN,buy,1707.7652
2026-06-09,CHF,NGN,middle,1708.3933
2026-06-09,CHF,NGN,sell,1709.0214
2026-06-09,CNY,NGN,buy,200.7697
2026-06-09,CNY,NGN,middle,200.8435
2026-06-09,CNY,NGN,sell,200.9173
2026-06-09,DKK,NGN,buy,210.3625
2026-06-09,DKK,NGN,middle,210.4399
2026-06-09,DKK,NGN,sell,210.5172
2026-06-09,EUR,NGN,buy,1572.4577
2026-06-09,EUR,NGN,middle,1573.036
2026-06-09,EUR,NGN,sell,1573.6143
2026-06-09,GBP,NGN,buy,1821.6636
2026-06-09,GBP,NGN,middle,1822.3335
2026-06-09,GBP,NGN,sell,1823.0035
2026-06-09,JPY,NGN,buy,8.4855
2026-06-09,JPY,NGN,middle,8.4887
2026-06-09,JPY,NGN,sell,8.4918
2026-06-09,SAR,NGN,buy,362.1126
2026-06-09,SAR,NGN,middle,362.2458
2026-06-09,SAR,NGN,sell,362.379
2026-06-09,USD,NGN,buy,1359.5519
2026-06-09,USD,NGN,middle,1360.0519
2026-06-09,USD,NGN,sell,1360.5519
2026-06-09,XDR,NGN,buy,1867.2086
2026-06-09,XDR,NGN,middle,1867.8953
2026-06-09,XDR,NGN,sell,1868.582
2026-06-09,XOF,NGN,buy,2.3767
2026-06-09,XOF,NGN,middle,2.3867
2026-06-09,XOF,NGN,sell,2.3967
2026-06-09,XUA,NGN,buy,1855.3001
2026-06-09,XUA,NGN,middle,1855.9824
2026-06-09,XUA,NGN,sell,1856.6647
2026-06-09,ZAR,NGN,buy,82.6445
2026-06-09,ZAR,NGN,middle,82.6749
2026-06-09,ZAR,NGN,sell,82.7053
2026-06-10,AED,NGN,buy,370.587
2026-06-10,AED,NGN,middle,370.7231
2026-06-10,AED,NGN,sell,370.8593
2026-06-10,CHF,NGN,buy,1707.5083
2026-06-10,CHF,NGN,middle,1708.1356
2026-06-10,CHF,NGN,sell,1708.7629
2026-06-10,CNY,NGN,buy,200.8344
2026-06-10,CNY,NGN,middle,200.9082
2026-06-10,CNY,NGN,sell,200.982
2026-06-10,DKK,NGN,buy,210.5853
2026-06-10,DKK,NGN,middle,210.6627
2026-06-10,DKK,NGN,sell,210.74
2026-06-10,EUR,NGN,buy,1574.1961
2026-06-10,EUR,NGN,middle,1574.7744
2026-06-10,EUR,NGN,sell,1575.3527
2026-06-10,GBP,NGN,buy,1825.9913
2026-06-10,GBP,NGN,middle,1826.6621
2026-06-10,GBP,NGN,sell,1827.3329
2026-06-10,JPY,NGN,buy,8.4854
2026-06-10,JPY,NGN,middle,8.4885
2026-06-10,JPY,NGN,sell,8.4916
2026-06-10,SAR,NGN,buy,362.5709
2026-06-10,SAR,NGN,middle,362.7041
2026-06-10,SAR,NGN,sell,362.8373
2026-06-10,USD,NGN,buy,1361.0549
2026-06-10,USD,NGN,middle,1361.5549
2026-06-10,USD,NGN,sell,1362.0549
2026-06-10,XDR,NGN,buy,1869.2728
2026-06-10,XDR,NGN,middle,1869.9595
2026-06-10,XDR,NGN,sell,1870.6462
2026-06-10,XOF,NGN,buy,2.3795
2026-06-10,XOF,NGN,middle,2.3895
2026-06-10,XOF,NGN,sell,2.3995
2026-06-10,XUA,NGN,buy,1855.2437
2026-06-10,XUA,NGN,middle,1855.9253
2026-06-10,XUA,NGN,sell,1856.6068
2026-06-10,ZAR,NGN,buy,82.4777
2026-06-10,ZAR,NGN,middle,82.508
2026-06-10,ZAR,NGN,sell,82.5383
2026-06-11,AED,NGN,buy,371.0589
2026-06-11,AED,NGN,middle,371.195
2026-06-11,AED,NGN,sell,371.3311
2026-06-11,CHF,NGN,buy,1705.2365
2026-06-11,CHF,NGN,middle,1705.8621
2026-06-11,CHF,NGN,sell,1706.4877
2026-06-11,CNY,NGN,buy,201.057
2026-06-11,CNY,NGN,middle,201.1308
2026-06-11,CNY,NGN,sell,201.2046
2026-06-11,DKK,NGN,buy,210.2671
2026-06-11,DKK,NGN,middle,210.3442
2026-06-11,DKK,NGN,sell,210.4214
2026-06-11,EUR,NGN,buy,1571.7461
2026-06-11,EUR,NGN,middle,1572.3227
2026-06-11,EUR,NGN,sell,1572.8994
2026-06-11,GBP,NGN,buy,1819.9165
2026-06-11,GBP,NGN,middle,1820.5842
2026-06-11,GBP,NGN,sell,1821.2519
2026-06-11,JPY,NGN,buy,8.4901
2026-06-11,JPY,NGN,middle,8.4932
2026-06-11,JPY,NGN,sell,8.4963
2026-06-11,SAR,NGN,buy,363.0231
2026-06-11,SAR,NGN,middle,363.1563
2026-06-11,SAR,NGN,sell,363.2895
2026-06-11,USD,NGN,buy,1362.825
2026-06-11,USD,NGN,middle,1363.325
2026-06-11,USD,NGN,sell,1363.825
2026-06-11,XDR,NGN,buy,1871.7039
2026-06-11,XDR,NGN,middle,1872.3906
2026-06-11,XDR,NGN,sell,1873.0773
2026-06-11,XOF,NGN,buy,2.3751
2026-06-11,XOF,NGN,middle,2.3851
2026-06-11,XOF,NGN,sell,2.3951
2026-06-11,XUA,NGN,buy,1856.0849
2026-06-11,XUA,NGN,middle,1856.7658
2026-06-11,XUA,NGN,sell,1857.4468
2026-06-11,ZAR,NGN,buy,82.5449
2026-06-11,ZAR,NGN,middle,82.5752
2026-06-11,ZAR,NGN,sell,82.6055
2026-06-15,AED,NGN,buy,368.9919
2026-06-15,AED,NGN,middle,369.128
2026-06-15,AED,NGN,sell,369.2642
2026-06-15,CHF,NGN,buy,1711.2472
2026-06-15,CHF,NGN,middle,1711.8767
2026-06-15,CHF,NGN,sell,1712.5063
2026-06-15,CNY,NGN,buy,200.5698
2026-06-15,CNY,NGN,middle,200.6438
2026-06-15,CNY,NGN,sell,200.7178
2026-06-15,DKK,NGN,buy,210.6289
2026-06-15,DKK,NGN,middle,210.7066
2026-06-15,DKK,NGN,sell,210.7843
2026-06-15,EUR,NGN,buy,1574.6887
2026-06-15,EUR,NGN,middle,1575.2696
2026-06-15,EUR,NGN,sell,1575.8506
2026-06-15,GBP,NGN,buy,1807.5241
2026-06-15,GBP,NGN,middle,1808.191
2026-06-15,GBP,NGN,sell,1808.8578
2026-06-15,JPY,NGN,buy,8.4646
2026-06-15,JPY,NGN,middle,8.4677
2026-06-15,JPY,NGN,sell,8.4709
2026-06-15,SAR,NGN,buy,361.155
2026-06-15,SAR,NGN,middle,361.2883
2026-06-15,SAR,NGN,sell,361.4215
2026-06-15,USD,NGN,buy,1355.2704
2026-06-15,USD,NGN,middle,1355.7704
2026-06-15,USD,NGN,sell,1356.2704
2026-06-15,XDR,NGN,buy,1861.3284
2026-06-15,XDR,NGN,middle,1862.0151
2026-06-15,XDR,NGN,sell,1862.7018
2026-06-15,XOF,NGN,buy,2.3841
2026-06-15,XOF,NGN,middle,2.3941
2026-06-15,XOF,NGN,sell,2.4041
2026-06-15,XUA,NGN,buy,1860.5747
2026-06-15,XUA,NGN,middle,1861.2611
2026-06-15,XUA,NGN,sell,1861.9475
2026-06-15,ZAR,NGN,buy,83.8424
2026-06-15,ZAR,NGN,middle,83.8733
2026-06-15,ZAR,NGN,sell,83.9043
2026-06-16,AED,NGN,buy,369.2398
2026-06-16,AED,NGN,middle,369.3759
2026-06-16,AED,NGN,sell,369.512
2026-06-16,CHF,NGN,buy,1707.6061
2026-06-16,CHF,NGN,middle,1708.2357
2026-06-16,CHF,NGN,sell,1708.8653
2026-06-16,CNY,NGN,buy,200.7154
2026-06-16,CNY,NGN,middle,200.7904
2026-06-16,CNY,NGN,sell,200.8644
2026-06-16,DKK,NGN,buy,210.3682
2026-06-16,DKK,NGN,middle,210.4458
2026-06-16,DKK,NGN,sell,210.5233
2026-06-16,EUR,NGN,buy,1572.6273
2026-06-16,EUR,NGN,middle,1573.2071
2026-06-16,EUR,NGN,sell,1573.7869
2026-06-16,GBP,NGN,buy,1819.0453
2026-06-16,GBP,NGN,middle,1819.716
2026-06-16,GBP,NGN,sell,1820.3866
2026-06-16,JPY,NGN,buy,8.4529
2026-06-16,JPY,NGN,middle,8.456
2026-06-16,JPY,NGN,sell,8.4591
2026-06-16,SAR,NGN,buy,361.3784
2026-06-16,SAR,NGN,middle,361.5116
2026-06-16,SAR,NGN,sell,361.6449
2026-06-16,USD,NGN,buy,1356.1808
2026-06-16,USD,NGN,middle,1356.6808
2026-06-16,USD,NGN,sell,1357.1808
2026-06-16,XDR,NGN,buy,1862.5516
2026-06-16,XDR,NGN,middle,1863.2383
2026-06-16,XDR,NGN,sell,1863.925
2026-06-16,XOF,NGN,buy,2.379
2026-06-16,XOF,NGN,middle,2.389
2026-06-16,XOF,NGN,sell,2.399
2026-06-16,XUA,NGN,buy,1852.5145
2026-06-16,XUA,NGN,middle,1853.1975
2026-06-16,XUA,NGN,sell,1853.8804
2026-06-16,ZAR,NGN,buy,83.6065
2026-06-16,ZAR,NGN,middle,83.6373
2026-06-16,ZAR,NGN,sell,83.6681
2026-06-17,AED,NGN,buy,370.0573
2026-06-17,AED,NGN,middle,370.1935
2026-06-17,AED,NGN,sell,370.3296
2026-06-17,CHF,NGN,buy,1714.4853
2026-06-17,CHF,NGN,middle,1715.1161
2026-06-17,CHF,NGN,sell,1715.7468
2026-06-17,CNY,NGN,buy,201.067
2026-06-17,CNY,NGN,middle,201.141
2026-06-17,CNY,NGN,sell,201.215
2026-06-17,DKK,NGN,buy,210.9247
2026-06-17,DKK,NGN,middle,211.0023
2026-06-17,DKK,NGN,sell,211.0799
2026-06-17,EUR,NGN,buy,1576.7959
2026-06-17,EUR,NGN,middle,1577.376
2026-06-17,EUR,NGN,sell,1577.9561
2026-06-17,GBP,NGN,buy,1823.4676
2026-06-17,GBP,NGN,middle,1824.1384
2026-06-17,GBP,NGN,sell,1824.8093
2026-06-17,JPY,NGN,buy,8.4799
2026-06-17,JPY,NGN,middle,8.483
2026-06-17,JPY,NGN,sell,8.4861
2026-06-17,SAR,NGN,buy,362.12
2026-06-17,SAR,NGN,middle,362.2532
2026-06-17,SAR,NGN,sell,362.3864
2026-06-17,USD,NGN,buy,1359.0725
2026-06-17,USD,NGN,middle,1359.5725
2026-06-17,USD,NGN,sell,1360.0725
2026-06-17,XDR,NGN,buy,1866.5502
2026-06-17,XDR,NGN,middle,1867.2369
2026-06-17,XDR,NGN,sell,1867.9236
2026-06-17,XOF,NGN,buy,2.3779
2026-06-17,XOF,NGN,middle,2.3879
2026-06-17,XOF,NGN,sell,2.3979
2026-06-17,XUA,NGN,buy,1853.7206
2026-06-17,XUA,NGN,middle,1854.4026
2026-06-17,XUA,NGN,sell,1855.0846
2026-06-17,ZAR,NGN,buy,83.9805
2026-06-17,ZAR,NGN,middle,84.0114
2026-06-17,ZAR,NGN,sell,84.0422
2026-06-18,AED,NGN,buy,370.917
2026-06-18,AED,NGN,middle,371.0531
2026-06-18,AED,NGN,sell,371.1893
2026-06-18,CHF,NGN,buy,1696.7294
2026-06-18,CHF,NGN,middle,1697.3521
2026-06-18,CHF,NGN,sell,1697.9748
2026-06-18,CNY,NGN,buy,201.1642
2026-06-18,CNY,NGN,middle,201.238
2026-06-18,CNY,NGN,sell,201.3119
2026-06-18,DKK,NGN,buy,209.2087
2026-06-18,DKK,NGN,middle,209.2854
2026-06-18,DKK,NGN,sell,209.3622
2026-06-18,EUR,NGN,buy,1563.925
2026-06-18,EUR,NGN,middle,1564.499
2026-06-18,EUR,NGN,sell,1565.073
2026-06-18,GBP,NGN,buy,1804.3716
2026-06-18,GBP,NGN,middle,1805.0339
2026-06-18,GBP,NGN,sell,1805.6961
2026-06-18,JPY,NGN,buy,8.4684
2026-06-18,JPY,NGN,middle,8.4715
2026-06-18,JPY,NGN,sell,8.4746
2026-06-18,SAR,NGN,buy,362.952
2026-06-18,SAR,NGN,middle,363.0852
2026-06-18,SAR,NGN,sell,363.2184
2026-06-18,USD,NGN,buy,1362.304
2026-06-18,USD,NGN,middle,1362.804
2026-06-18,USD,NGN,sell,1363.304
2026-06-18,XDR,NGN,buy,1870.9883
2026-06-18,XDR,NGN,middle,1871.675
2026-06-18,XDR,NGN,sell,1872.3617
2026-06-18,XOF,NGN,buy,2.3824
2026-06-18,XOF,NGN,middle,2.3924
2026-06-18,XOF,NGN,sell,2.4024
2026-06-18,XUA,NGN,buy,1856.7105
2026-06-18,XUA,NGN,middle,1857.3919
2026-06-18,XUA,NGN,sell,1858.0734
2026-06-18,ZAR,NGN,buy,83.0162
2026-06-18,ZAR,NGN,middle,83.0467
2026-06-18,ZAR,NGN,sell,83.0771
2026-06-19,AED,NGN,buy,372.8642
2026-06-19,AED,NGN,middle,373.0003
2026-06-19,AED,NGN,sell,373.1365
2026-06-19,CHF,NGN,buy,1698.4443
2026-06-19,CHF,NGN,middle,1699.0644
2026-06-19,CHF,NGN,sell,1699.6845
2026-06-19,CNY,NGN,buy,202.283
2026-06-19,CNY,NGN,middle,202.3568
2026-06-19,CNY,NGN,sell,202.4307
2026-06-19,DKK,NGN,buy,210.0553
2026-06-19,DKK,NGN,middle,210.132
2026-06-19,DKK,NGN,sell,210.2087
2026-06-19,EUR,NGN,buy,1570.3547
2026-06-19,EUR,NGN,middle,1570.9281
2026-06-19,EUR,NGN,sell,1571.5014
2026-06-19,GBP,NGN,buy,1813.4331
2026-06-19,GBP,NGN,middle,1814.0952
2026-06-19,GBP,NGN,sell,1814.7573
2026-06-19,JPY,NGN,buy,8.4906
2026-06-19,JPY,NGN,middle,8.4937
2026-06-19,JPY,NGN,sell,8.4968
2026-06-19,SAR,NGN,buy,364.8379
2026-06-19,SAR,NGN,middle,364.9711
2026-06-19,SAR,NGN,sell,365.1043
2026-06-19,USD,NGN,buy,1369.4556
2026-06-19,USD,NGN,middle,1369.9556
2026-06-19,USD,NGN,sell,1370.4556
2026-06-19,XDR,NGN,buy,1880.8103
2026-06-19,XDR,NGN,middle,1881.497
2026-06-19,XDR,NGN,sell,1882.1837
2026-06-19,XOF,NGN,buy,2.3611
2026-06-19,XOF,NGN,middle,2.3711
2026-06-19,XOF,NGN,sell,2.3811
2026-06-19,XUA,NGN,buy,1851.2167
2026-06-19,XUA,NGN,middle,1851.8926
2026-06-19,XUA,NGN,sell,1852.5685
2026-06-19,ZAR,NGN,buy,83.0461
2026-06-19,ZAR,NGN,middle,83.0765
2026-06-19,ZAR,NGN,sell,83.1068
2026-06-22,AED,NGN,buy,372.4664
2026-06-22,AED,NGN,middle,372.6025
2026-06-22,AED,NGN,sell,372.7387
2026-06-22,CHF,NGN,buy,1690.899
2026-06-22,CHF,NGN,middle,1691.517
2026-06-22,CHF,NGN,sell,1692.135
2026-06-22,CNY,NGN,buy,201.9315
2026-06-22,CNY,NGN,middle,202.0053
2026-06-22,CNY,NGN,sell,202.0791
2026-06-22,DKK,NGN,buy,209.3891
2026-06-22,DKK,NGN,middle,209.4656
2026-06-22,DKK,NGN,sell,209.5421
2026-06-22,EUR,NGN,buy,1565.2505
2026-06-22,EUR,NGN,middle,1565.8226
2026-06-22,EUR,NGN,sell,1566.3946
2026-06-22,GBP,NGN,buy,1814.1091
2026-06-22,GBP,NGN,middle,1814.7721
2026-06-22,GBP,NGN,sell,1815.4351
2026-06-22,JPY,NGN,buy,8.4555
2026-06-22,JPY,NGN,middle,8.4586
2026-06-22,JPY,NGN,sell,8.4617
2026-06-22,SAR,NGN,buy,364.3814
2026-06-22,SAR,NGN,middle,364.5146
2026-06-22,SAR,NGN,sell,364.6477
2026-06-22,USD,NGN,buy,1368.1064
2026-06-22,USD,NGN,middle,1368.6064
2026-06-22,USD,NGN,sell,1369.1064
2026-06-22,XDR,NGN,buy,1878.9573
2026-06-22,XDR,NGN,middle,1879.644
2026-06-22,XDR,NGN,sell,1880.3307
2026-06-22,XOF,NGN,buy,2.3736
2026-06-22,XOF,NGN,middle,2.3836
2026-06-22,XOF,NGN,sell,2.3936
2026-06-22,XUA,NGN,buy,1860.93
2026-06-22,XUA,NGN,middle,1861.6101
2026-06-22,XUA,NGN,sell,1862.2902
2026-06-22,ZAR,NGN,buy,83.2962
2026-06-22,ZAR,NGN,middle,83.3266
2026-06-22,ZAR,NGN,sell,83.3571
2026-06-23,AED,NGN,buy,372.8832
2026-06-23,AED,NGN,middle,373.0193
2026-06-23,AED,NGN,sell,373.1555
2026-06-23,CHF,NGN,buy,1692.1637
2026-06-23,CHF,NGN,middle,1692.7814
2026-06-23,CHF,NGN,sell,1693.3992
2026-06-23,CNY,NGN,buy,201.7912
2026-06-23,CNY,NGN,middle,201.8648
2026-06-23,CNY,NGN,sell,201.9385
2026-06-23,DKK,NGN,buy,208.6462
2026-06-23,DKK,NGN,middle,208.7224
2026-06-23,DKK,NGN,sell,208.7986
2026-06-23,EUR,NGN,buy,1559.8799
2026-06-23,EUR,NGN,middle,1560.4494
2026-06-23,EUR,NGN,sell,1561.0188
2026-06-23,GBP,NGN,buy,1809.4278
2026-06-23,GBP,NGN,middle,1810.0884
2026-06-23,GBP,NGN,sell,1810.7489
2026-06-23,JPY,NGN,buy,8.4776
2026-06-23,JPY,NGN,middle,8.4807
2026-06-23,JPY,NGN,sell,8.4838
2026-06-23,SAR,NGN,buy,364.8183
2026-06-23,SAR,NGN,middle,364.9515
2026-06-23,SAR,NGN,sell,365.0846
2026-06-23,USD,NGN,buy,1369.6373
2026-06-23,USD,NGN,middle,1370.1373
2026-06-23,USD,NGN,sell,1370.6373
2026-06-23,XDR,NGN,buy,1881.0325
2026-06-23,XDR,NGN,middle,1881.7192
2026-06-23,XDR,NGN,sell,1882.4059
2026-06-23,XOF,NGN,buy,2.3702
2026-06-23,XOF,NGN,middle,2.3802
2026-06-23,XOF,NGN,sell,2.3902
2026-06-23,XUA,NGN,buy,1858.1415
2026-06-23,XUA,NGN,middle,1858.8198
2026-06-23,XUA,NGN,sell,1859.4981
2026-06-23,ZAR,NGN,buy,82.9269
2026-06-23,ZAR,NGN,middle,82.9572
2026-06-23,ZAR,NGN,sell,82.9874
2026-06-24,AED,NGN,buy,375.4226
2026-06-24,AED,NGN,middle,375.5587
2026-06-24,AED,NGN,sell,375.6949
2026-06-24,CHF,NGN,buy,1694.823
2026-06-24,CHF,NGN,middle,1695.4375
2026-06-24,CHF,NGN,sell,1696.052
2026-06-24,CNY,NGN,buy,202.472
2026-06-24,CNY,NGN,middle,202.5454
2026-06-24,CNY,NGN,sell,202.6188
2026-06-24,DKK,NGN,buy,208.967
2026-06-24,DKK,NGN,middle,209.0427
2026-06-24,DKK,NGN,sell,209.1185
2026-06-24,EUR,NGN,buy,1562.4948
2026-06-24,EUR,NGN,middle,1563.0613
2026-06-24,EUR,NGN,sell,1563.6278
2026-06-24,GBP,NGN,buy,1814.3144
2026-06-24,GBP,NGN,middle,1814.9722
2026-06-24,GBP,NGN,sell,1815.63
2026-06-24,JPY,NGN,buy,8.526
2026-06-24,JPY,NGN,middle,8.5291
2026-06-24,JPY,NGN,sell,8.5322
2026-06-24,SAR,NGN,buy,367.3132
2026-06-24,SAR,NGN,middle,367.4464
2026-06-24,SAR,NGN,sell,367.5796
2026-06-24,USD,NGN,buy,1379.0775
2026-06-24,USD,NGN,middle,1379.5775
2026-06-24,USD,NGN,sell,1380.0775
2026-06-24,XDR,NGN,buy,1894.025
2026-06-24,XDR,NGN,middle,1894.7117
2026-06-24,XDR,NGN,sell,1895.3984
2026-06-24,XOF,NGN,buy,2.3595
2026-06-24,XOF,NGN,middle,2.3695
2026-06-24,XOF,NGN,sell,2.3795
2026-06-24,XUA,NGN,buy,1857.1897
2026-06-24,XUA,NGN,middle,1857.8631
2026-06-24,XUA,NGN,sell,1858.5364
2026-06-24,ZAR,NGN,buy,82.8548
2026-06-24,ZAR,NGN,middle,82.8849
2026-06-24,ZAR,NGN,sell,82.9149
2026-06-25,AED,NGN,buy,375.5025
2026-06-25,AED,NGN,middle,375.6386
2026-06-25,AED,NGN,sell,375.7747
2026-06-25,CHF,NGN,buy,1697.5725
2026-06-25,CHF,NGN,middle,1698.188
2026-06-25,CHF,NGN,sell,1698.8034
2026-06-25,CNY,NGN,buy,202.8458
2026-06-25,CNY,NGN,middle,202.9193
2026-06-25,CNY,NGN,sell,202.9929
2026-06-25,DKK,NGN,buy,209.4254
2026-06-25,DKK,NGN,middle,209.5013
2026-06-25,DKK,NGN,sell,209.5772
2026-06-25,EUR,NGN,buy,1565.7012
2026-06-25,EUR,NGN,middle,1566.2688
2026-06-25,EUR,NGN,sell,1566.8365
2026-06-25,GBP,NGN,buy,1817.5263
2026-06-25,GBP,NGN,middle,1818.1853
2026-06-25,GBP,NGN,sell,1818.8442
2026-06-25,JPY,NGN,buy,8.5209
2026-06-25,JPY,NGN,middle,8.524
2026-06-25,JPY,NGN,sell,8.5271
2026-06-25,SAR,NGN,buy,367.2724
2026-06-25,SAR,NGN,middle,367.4056
2026-06-25,SAR,NGN,sell,367.5387
2026-06-25,USD,NGN,buy,1379.1079
2026-06-25,USD,NGN,middle,1379.6079
2026-06-25,USD,NGN,sell,1380.1079
2026-06-25,XDR,NGN,buy,1894.0392
2026-06-25,XDR,NGN,middle,1894.7259
2026-06-25,XDR,NGN,sell,1895.4126
2026-06-25,XOF,NGN,buy,2.365
2026-06-25,XOF,NGN,middle,2.375
2026-06-25,XOF,NGN,sell,2.385
2026-06-25,XUA,NGN,buy,1865.0229
2026-06-25,XUA,NGN,middle,1865.699
2026-06-25,XUA,NGN,sell,1866.3752
2026-06-25,ZAR,NGN,buy,83.5919
2026-06-25,ZAR,NGN,middle,83.6222
2026-06-25,ZAR,NGN,sell,83.6525
2026-06-26,AED,NGN,buy,375.7271
2026-06-26,AED,NGN,middle,375.8632
2026-06-26,AED,NGN,sell,375.9994
2026-06-26,CHF,NGN,buy,1708.8952
2026-06-26,CHF,NGN,middle,1709.5144
2026-06-26,CHF,NGN,sell,1710.1336
2026-06-26,CNY,NGN,buy,202.9821
2026-06-26,CNY,NGN,middle,203.0556
2026-06-26,CNY,NGN,sell,203.1291
2026-06-26,DKK,NGN,buy,210.8764
2026-06-26,DKK,NGN,middle,210.9528
2026-06-26,DKK,NGN,sell,211.0292
2026-06-26,EUR,NGN,buy,1576.4353
2026-06-26,EUR,NGN,middle,1577.0065
2026-06-26,EUR,NGN,sell,1577.5777
2026-06-26,GBP,NGN,buy,1823.5813
2026-06-26,GBP,NGN,middle,1824.2421
2026-06-26,GBP,NGN,sell,1824.9028
2026-06-26,JPY,NGN,buy,8.535
2026-06-26,JPY,NGN,middle,8.5381
2026-06-26,JPY,NGN,sell,8.5411
2026-06-26,SAR,NGN,buy,367.453
2026-06-26,SAR,NGN,middle,367.5861
2026-06-26,SAR,NGN,sell,367.7193
2026-06-26,USD,NGN,buy,1379.9329
2026-06-26,USD,NGN,middle,1380.4329
2026-06-26,USD,NGN,sell,1380.9329
2026-06-26,XDR,NGN,buy,1895.1722
2026-06-26,XDR,NGN,middle,1895.8589
2026-06-26,XDR,NGN,sell,1896.5456
2026-06-26,XOF,NGN,buy,2.3655
2026-06-26,XOF,NGN,middle,2.3755
2026-06-26,XOF,NGN,sell,2.3855
2026-06-26,XUA,NGN,buy,1865.6989
2026-06-26,XUA,NGN,middle,1866.375
2026-06-26,XUA,NGN,sell,1867.051
2026-06-26,ZAR,NGN,buy,83.831
2026-06-26,ZAR,NGN,middle,83.8613
2026-06-26,ZAR,NGN,sell,83.8917
2026-06-29,AED,NGN,buy,376.4502
2026-06-29,AED,NGN,middle,376.5863
2026-06-29,AED,NGN,sell,376.7224
2026-06-29,CHF,NGN,buy,1709.4785
2026-06-29,CHF,NGN,middle,1710.0967
2026-06-29,CHF,NGN,sell,1710.7149
2026-06-29,CNY,NGN,buy,203.498
2026-06-29,CNY,NGN,middle,203.5716
2026-06-29,CNY,NGN,sell,203.6451
2026-06-29,DKK,NGN,buy,210.9366
2026-06-29,DKK,NGN,middle,211.0129
2026-06-29,DKK,NGN,sell,211.0892
2026-06-29,EUR,NGN,buy,1576.8852
2026-06-29,EUR,NGN,middle,1577.4554
2026-06-29,EUR,NGN,sell,1578.0257
2026-06-29,GBP,NGN,buy,1830.3206
2026-06-29,GBP,NGN,middle,1830.9825
2026-06-29,GBP,NGN,sell,1831.6444
2026-06-29,JPY,NGN,buy,8.5395
2026-06-29,JPY,NGN,middle,8.5426
2026-06-29,JPY,NGN,sell,8.5457
2026-06-29,SAR,NGN,buy,368.1604
2026-06-29,SAR,NGN,middle,368.2935
2026-06-29,SAR,NGN,sell,368.4266
2026-06-29,USD,NGN,buy,1382.6262
2026-06-29,USD,NGN,middle,1383.1262
2026-06-29,USD,NGN,sell,1383.6262
2026-06-29,XDR,NGN,buy,1898.8712
2026-06-29,XDR,NGN,middle,1899.5579
2026-06-29,XDR,NGN,sell,1900.2446
2026-06-29,XOF,NGN,buy,2.3793
2026-06-29,XOF,NGN,middle,2.3893
2026-06-29,XOF,NGN,sell,2.3993
2026-06-29,XUA,NGN,buy,1870.7211
2026-06-29,XUA,NGN,middle,1871.3976
2026-06-29,XUA,NGN,sell,1872.0741
2026-06-29,ZAR,NGN,buy,84.1812
2026-06-29,ZAR,NGN,middle,84.2117
2026-06-29,ZAR,NGN,sell,84.2421
2026-06-30,AED,NGN,buy,375.3871
2026-06-30,AED,NGN,middle,375.5232
2026-06-30,AED,NGN,sell,375.6594
2026-06-30,CHF,NGN,buy,1703.762
2026-06-30,CHF,NGN,middle,1704.3799
2026-06-30,CHF,NGN,sell,1704.9978
2026-06-30,CNY,NGN,buy,203.169
2026-06-30,CNY,NGN,middle,203.2426
2026-06-30,CNY,NGN,sell,203.3163
2026-06-30,DKK,NGN,buy,210.2775
2026-06-30,DKK,NGN,middle,210.3537
2026-06-30,DKK,NGN,sell,210.43
2026-06-30,EUR,NGN,buy,1571.8379
2026-06-30,EUR,NGN,middle,1572.4079
2026-06-30,EUR,NGN,sell,1572.978
2026-06-30,GBP,NGN,buy,1823.7235
2026-06-30,GBP,NGN,middle,1824.3849
2026-06-30,GBP,NGN,sell,1825.0463
2026-06-30,JPY,NGN,buy,8.49
2026-06-30,JPY,NGN,middle,8.493
2026-06-30,JPY,NGN,sell,8.4961
2026-06-30,SAR,NGN,buy,366.9251
2026-06-30,SAR,NGN,middle,367.0581
2026-06-30,SAR,NGN,sell,367.1912
2026-06-30,USD,NGN,buy,1378.6842
2026-06-30,USD,NGN,middle,1379.1842
2026-06-30,USD,NGN,sell,1379.6842
2026-06-30,XDR,NGN,buy,1869.6336
2026-06-30,XDR,NGN,middle,1870.3117
2026-06-30,XDR,NGN,sell,1870.9897
2026-06-30,XOF,NGN,buy,2.385
2026-06-30,XOF,NGN,middle,2.395
2026-06-30,XOF,NGN,sell,2.405
2026-06-30,XUA,NGN,buy,1874.45
2026-06-30,XUA,NGN,middle,1875.1298
2026-06-30,XUA,NGN,sell,1875.8096
2026-06-30,ZAR,NGN,buy,84.0548
2026-06-30,ZAR,NGN,middle,84.0853
2026-06-30,ZAR,NGN,sell,84.1158
2026-07-01,AED,NGN,buy,373.3956
2026-07-01,AED,NGN,middle,373.5317
2026-07-01,AED,NGN,sell,373.6678
2026-07-01,CHF,NGN,buy,1695.1881
2026-07-01,CHF,NGN,middle,1695.8062
2026-07-01,CHF,NGN,sell,1696.4242
2026-07-01,CNY,NGN,buy,201.8319
2026-07-01,CNY,NGN,middle,201.9055
2026-07-01,CNY,NGN,sell,201.979
2026-07-01,DKK,NGN,buy,209.2506
2026-07-01,DKK,NGN,middle,209.3268
2026-07-01,DKK,NGN,sell,209.4031
2026-07-01,EUR,NGN,buy,1564.2271
2026-07-01,EUR,NGN,middle,1564.7974
2026-07-01,EUR,NGN,sell,1565.3677
2026-07-01,GBP,NGN,buy,1820.4059
2026-07-01,GBP,NGN,middle,1821.0696
2026-07-01,GBP,NGN,sell,1821.7333
2026-07-01,JPY,NGN,buy,8.4462
2026-07-01,JPY,NGN,middle,8.4493
2026-07-01,JPY,NGN,sell,8.4523
2026-07-01,SAR,NGN,buy,365.1827
2026-07-01,SAR,NGN,middle,365.3159
2026-07-01,SAR,NGN,sell,365.449
2026-07-01,USD,NGN,buy,1371.4072
2026-07-01,USD,NGN,middle,1371.9072
2026-07-01,USD,NGN,sell,1372.4072
2026-07-01,XDR,NGN,buy,1859.299
2026-07-01,XDR,NGN,middle,1859.9769
2026-07-01,XDR,NGN,sell,1860.6548
2026-07-01,XOF,NGN,buy,2.3756
2026-07-01,XOF,NGN,middle,2.3856
2026-07-01,XOF,NGN,sell,2.3956
2026-07-01,XUA,NGN,buy,1868.9489
2026-07-01,XUA,NGN,middle,1869.6303
2026-07-01,XUA,NGN,sell,1870.3117
2026-07-01,ZAR,NGN,buy,83.7363
2026-07-01,ZAR,NGN,middle,83.7668
2026-07-01,ZAR,NGN,sell,83.7973
2026-07-02,AED,NGN,buy,372.7814
2026-07-02,AED,NGN,middle,372.9176
2026-07-02,AED,NGN,sell,373.0537
2026-07-02,CHF,NGN,buy,1704.1967
2026-07-02,CHF,NGN,middle,1704.819
2026-07-02,CHF,NGN,sell,1705.4414
2026-07-02,CNY,NGN,buy,201.6572
2026-07-02,CNY,NGN,middle,201.7308
2026-07-02,CNY,NGN,sell,201.8045
2026-07-02,DKK,NGN,buy,209.6132
2026-07-02,DKK,NGN,middle,209.6898
2026-07-02,DKK,NGN,sell,209.7663
2026-07-02,EUR,NGN,buy,1567.1309
2026-07-02,EUR,NGN,middle,1567.7032
2026-07-02,EUR,NGN,sell,1568.2755
2026-07-02,GBP,NGN,buy,1830.8295
2026-07-02,GBP,NGN,middle,1831.4981
2026-07-02,GBP,NGN,sell,1832.1667
2026-07-02,JPY,NGN,buy,8.503
2026-07-02,JPY,NGN,middle,8.5061
2026-07-02,JPY,NGN,sell,8.5092
2026-07-02,SAR,NGN,buy,364.6404
2026-07-02,SAR,NGN,middle,364.7735
2026-07-02,SAR,NGN,sell,364.9067
2026-07-02,USD,NGN,buy,1369.1516
2026-07-02,USD,NGN,middle,1369.6516
2026-07-02,USD,NGN,sell,1370.1516
2026-07-02,XDR,NGN,buy,1858.8013
2026-07-02,XDR,NGN,middle,1859.4801
2026-07-02,XDR,NGN,sell,1860.1589
2026-07-02,XOF,NGN,buy,2.3607
2026-07-02,XOF,NGN,middle,2.3707
2026-07-02,XOF,NGN,sell,2.3807
2026-07-02,XUA,NGN,buy,1858.6194
2026-07-02,XUA,NGN,middle,1859.2982
2026-07-02,XUA,NGN,sell,1859.9769
2026-07-02,ZAR,NGN,buy,84.2596
2026-07-02,ZAR,NGN,middle,84.2904
2026-07-02,ZAR,NGN,sell,84.3212
2026-07-03,AED,NGN,buy,372.792
2026-07-03,AED,NGN,middle,372.9281
2026-07-03,AED,NGN,sell,373.0643
2026-07-03,CHF,NGN,buy,1704.8816
2026-07-03,CHF,NGN,middle,1705.5042
2026-07-03,CHF,NGN,sell,1706.1268
2026-07-03,CNY,NGN,buy,201.9098
2026-07-03,CNY,NGN,middle,201.9835
2026-07-03,CNY,NGN,sell,202.0572
2026-07-03,DKK,NGN,buy,209.6256
2026-07-03,DKK,NGN,middle,209.7021
2026-07-03,DKK,NGN,sell,209.7787
2026-07-03,EUR,NGN,buy,1567.1753
2026-07-03,EUR,NGN,middle,1567.7476
2026-07-03,EUR,NGN,sell,1568.3199
2026-07-03,GBP,NGN,buy,1828.5538
2026-07-03,GBP,NGN,middle,1829.2215
2026-07-03,GBP,NGN,sell,1829.8893
2026-07-03,JPY,NGN,buy,8.4916
2026-07-03,JPY,NGN,middle,8.4947
2026-07-03,JPY,NGN,sell,8.4978
2026-07-03,SAR,NGN,buy,364.6604
2026-07-03,SAR,NGN,middle,364.7936
2026-07-03,SAR,NGN,sell,364.9267
2026-07-03,USD,NGN,buy,1369.1904
2026-07-03,USD,NGN,middle,1369.6904
2026-07-03,USD,NGN,sell,1370.1904
2026-07-03,XDR,NGN,buy,1858.854
2026-07-03,XDR,NGN,middle,1859.5328
2026-07-03,XDR,NGN,sell,1860.2116
2026-07-03,XOF,NGN,buy,2.3601
2026-07-03,XOF,NGN,middle,2.3701
2026-07-03,XOF,NGN,sell,2.3801
2026-07-03,XUA,NGN,buy,1858.123
2026-07-03,XUA,NGN,middle,1858.8016
2026-07-03,XUA,NGN,sell,1859.4801
2026-07-03,ZAR,NGN,buy,84.3971
2026-07-03,ZAR,NGN,middle,84.4279
2026-07-03,ZAR,NGN,sell,84.4587
2026-07-06,AED,NGN,buy,372.2681
2026-07-06,AED,NGN,middle,372.4043
2026-07-06,AED,NGN,sell,372.5404
2026-07-06,CHF,NGN,buy,1696.5708
2026-07-06,CHF,NGN,middle,1697.1912
2026-07-06,CHF,NGN,sell,1697.8116
2026-07-06,CNY,NGN,buy,201.1721
2026-07-06,CNY,NGN,middle,201.2457
2026-07-06,CNY,NGN,sell,201.3193
2026-07-06,DKK,NGN,buy,208.8897
2026-07-06,DKK,NGN,middle,208.9661
2026-07-06,DKK,NGN,sell,209.0424
2026-07-06,EUR,NGN,buy,1561.555
2026-07-06,EUR,NGN,middle,1562.126
2026-07-06,EUR,NGN,sell,1562.6971
2026-07-06,GBP,NGN,buy,1825.5741
2026-07-06,GBP,NGN,middle,1826.2417
2026-07-06,GBP,NGN,sell,1826.9093
2026-07-06,JPY,NGN,buy,8.4207
2026-07-06,JPY,NGN,middle,8.4238
2026-07-06,JPY,NGN,sell,8.4268
2026-07-06,SAR,NGN,buy,364.0704
2026-07-06,SAR,NGN,middle,364.2035
2026-07-06,SAR,NGN,sell,364.3367
2026-07-06,USD,NGN,buy,1367.2664
2026-07-06,USD,NGN,middle,1367.7664
2026-07-06,USD,NGN,sell,1368.2664
2026-07-06,XDR,NGN,buy,1856.0505
2026-07-06,XDR,NGN,middle,1856.7292
2026-07-06,XDR,NGN,sell,1857.408
2026-07-06,XOF,NGN,buy,2.3602
2026-07-06,XOF,NGN,middle,2.3702
2026-07-06,XOF,NGN,sell,2.3802
2026-07-06,XUA,NGN,buy,1858.1737
2026-07-06,XUA,NGN,middle,1858.8533
2026-07-06,XUA,NGN,sell,1859.5328
2026-07-06,ZAR,NGN,buy,84.2099
2026-07-06,ZAR,NGN,middle,84.2407
2026-07-06,ZAR,NGN,sell,84.2715
2026-07-07,AED,NGN,buy,374.3047
2026-07-07,AED,NGN,middle,374.4408
2026-07-07,AED,NGN,sell,374.577
2026-07-07,CHF,NGN,buy,1705.2174
2026-07-07,CHF,NGN,middle,1705.8376
2026-07-07,CHF,NGN,sell,1706.4578
2026-07-07,CNY,NGN,buy,202.3471
2026-07-07,CNY,NGN,middle,202.4207
2026-07-07,CNY,NGN,sell,202.4943
2026-07-07,DKK,NGN,buy,210.2895
2026-07-07,DKK,NGN,middle,210.3659
2026-07-07,DKK,NGN,sell,210.4424
2026-07-07,EUR,NGN,buy,1572.1599
2026-07-07,EUR,NGN,middle,1572.7317
2026-07-07,EUR,NGN,sell,1573.3035
2026-07-07,GBP,NGN,buy,1840.2354
2026-07-07,GBP,NGN,middle,1840.9047
2026-07-07,GBP,NGN,sell,1841.574
2026-07-07,JPY,NGN,buy,8.4919
2026-07-07,JPY,NGN,middle,8.4949
2026-07-07,JPY,NGN,sell,8.498
2026-07-07,SAR,NGN,buy,366.1694
2026-07-07,SAR,NGN,middle,366.3026
2026-07-07,SAR,NGN,sell,366.4357
2026-07-07,USD,NGN,buy,1374.7463
2026-07-07,USD,NGN,middle,1375.2463
2026-07-07,USD,NGN,sell,1375.7463
2026-07-07,XDR,NGN,buy,1866.2044
2026-07-07,XDR,NGN,middle,1866.8831
2026-07-07,XDR,NGN,sell,1867.5618
2026-07-07,XOF,NGN,buy,2.3602
2026-07-07,XOF,NGN,middle,2.3702
2026-07-07,XOF,NGN,sell,2.3802
2026-07-07,XUA,NGN,buy,1858.1811
2026-07-07,XUA,NGN,middle,1858.857
2026-07-07,XUA,NGN,sell,1859.5328
2026-07-07,ZAR,NGN,buy,84.5977
2026-07-07,ZAR,NGN,middle,84.6285
2026-07-07,ZAR,NGN,sell,84.6592
2026-07-08,AED,NGN,buy,375.1783
2026-07-08,AED,NGN,middle,375.3144
2026-07-08,AED,NGN,sell,375.4506
2026-07-08,CHF,NGN,buy,1703.2104
2026-07-08,CHF,NGN,middle,1703.8283
2026-07-08,CHF,NGN,sell,1704.4463
2026-07-08,CNY,NGN,buy,202.6123
2026-07-08,CNY,NGN,middle,202.6858
2026-07-08,CNY,NGN,sell,202.7593
2026-07-08,DKK,NGN,buy,210.1097
2026-07-08,DKK,NGN,middle,210.1859
2026-07-08,DKK,NGN,sell,210.2622
2026-07-08,EUR,NGN,buy,1570.8591
2026-07-08,EUR,NGN,middle,1571.4291
2026-07-08,EUR,NGN,sell,1571.999
2026-07-08,GBP,NGN,buy,1839.3067
2026-07-08,GBP,NGN,middle,1839.974
2026-07-08,GBP,NGN,sell,1840.6414
2026-07-08,JPY,NGN,buy,8.4778
2026-07-08,JPY,NGN,middle,8.4809
2026-07-08,JPY,NGN,sell,8.484
2026-07-08,SAR,NGN,buy,366.9758
2026-07-08,SAR,NGN,middle,367.1089
2026-07-08,SAR,NGN,sell,367.2421
2026-07-08,USD,NGN,buy,1378.0675
2026-07-08,USD,NGN,middle,1378.5675
2026-07-08,USD,NGN,sell,1379.0675
2026-07-08,XDR,NGN,buy,1872.1598
2026-07-08,XDR,NGN,middle,1872.8391
2026-07-08,XDR,NGN,sell,1873.5184
2026-07-08,XOF,NGN,buy,2.3602
2026-07-08,XOF,NGN,middle,2.3702
2026-07-08,XOF,NGN,sell,2.3802
2026-07-08,XUA,NGN,buy,1858.1844
2026-07-08,XUA,NGN,middle,1858.8586
2026-07-08,XUA,NGN,sell,1859.5328
2026-07-08,ZAR,NGN,buy,84.0198
2026-07-08,ZAR,NGN,middle,84.0503
2026-07-08,ZAR,NGN,sell,84.0808
2026-07-09,AED,NGN,buy,375.0357
2026-07-09,AED,NGN,middle,375.1719
2026-07-09,AED,NGN,sell,375.308
2026-07-09,CHF,NGN,buy,1706.2199
2026-07-09,CHF,NGN,middle,1706.8392
2026-07-09,CHF,NGN,sell,1707.4586
2026-07-09,CNY,NGN,buy,202.6827
2026-07-09,CNY,NGN,middle,202.7562
2026-07-09,CNY,NGN,sell,202.8298
2026-07-09,DKK,NGN,buy,210.6551
2026-07-09,DKK,NGN,middle,210.7315
2026-07-09,DKK,NGN,sell,210.808
2026-07-09,EUR,NGN,buy,1574.9549
2026-07-09,EUR,NGN,middle,1575.5266
2026-07-09,EUR,NGN,sell,1576.0983
2026-07-09,GBP,NGN,buy,1845.4825
2026-07-09,GBP,NGN,middle,1846.1524
2026-07-09,GBP,NGN,sell,1846.8223
2026-07-09,JPY,NGN,buy,8.4822
2026-07-09,JPY,NGN,middle,8.4853
2026-07-09,JPY,NGN,sell,8.4884
2026-07-09,SAR,NGN,buy,366.8943
2026-07-09,SAR,NGN,middle,367.0275
2026-07-09,SAR,NGN,sell,367.1607
2026-07-09,USD,NGN,buy,1377.4313
2026-07-09,USD,NGN,middle,1377.9313
2026-07-09,USD,NGN,sell,1378.4313
2026-07-09,XDR,NGN,buy,1868.9814
2026-07-09,XDR,NGN,middle,1869.6599
2026-07-09,XDR,NGN,sell,1870.3383
2026-07-09,XOF,NGN,buy,2.3767
2026-07-09,XOF,NGN,middle,2.3867
2026-07-09,XOF,NGN,sell,2.3967
2026-07-09,XUA,NGN,buy,1869.1661
2026-07-09,XUA,NGN,middle,1869.8446
2026-07-09,XUA,NGN,sell,1870.5231
2026-07-09,ZAR,NGN,buy,84.1282
2026-07-09,ZAR,NGN,middle,84.1588
2026-07-09,ZAR,NGN,sell,84.1893
2026-07-10,AED,NGN,buy,375.3594
2026-07-10,AED,NGN,middle,375.4956
2026-07-10,AED,NGN,sell,375.6317
2026-07-10,CHF,NGN,buy,1706.213
2026-07-10,CHF,NGN,middle,1706.8318
2026-07-10,CHF,NGN,sell,1707.4506
2026-07-10,CNY,NGN,buy,203.4113
2026-07-10,CNY,NGN,middle,203.4851
2026-07-10,CNY,NGN,sell,203.5588
2026-07-10,DKK,NGN,buy,210.6211
2026-07-10,DKK,NGN,middle,210.6974
2026-07-10,DKK,NGN,sell,210.7738
2026-07-10,EUR,NGN,buy,1574.522
2026-07-10,EUR,NGN,middle,1575.0931
2026-07-10,EUR,NGN,sell,1575.6641
2026-07-10,GBP,NGN,buy,1849.281
2026-07-10,GBP,NGN,middle,1849.9517
2026-07-10,GBP,NGN,sell,1850.6224
2026-07-10,JPY,NGN,buy,8.5174
2026-07-10,JPY,NGN,middle,8.5205
2026-07-10,JPY,NGN,sell,8.5235
2026-07-10,SAR,NGN,buy,367.1718
2026-07-10,SAR,NGN,middle,367.305
2026-07-10,SAR,NGN,sell,367.4382
2026-07-10,USD,NGN,buy,1378.6201
2026-07-10,USD,NGN,middle,1379.1201
2026-07-10,USD,NGN,sell,1379.6201
2026-07-10,XDR,NGN,buy,1874.2202
2026-07-10,XDR,NGN,middle,1874.9
2026-07-10,XDR,NGN,sell,1875.5797
2026-07-10,XOF,NGN,buy,2.3821
2026-07-10,XOF,NGN,middle,2.3921
2026-07-10,XOF,NGN,sell,2.4021
2026-07-10,XUA,NGN,buy,1869.6954
2026-07-10,XUA,NGN,middle,1870.3735
2026-07-10,XUA,NGN,sell,1871.0516
2026-07-10,ZAR,NGN,buy,84.4686
2026-07-10,ZAR,NGN,middle,84.4992
2026-07-10,ZAR,NGN,sell,84.5298
2026-07-13,AED,NGN,buy,375.3677
2026-07-13,AED,NGN,middle,375.5038
2026-07-13,AED,NGN,sell,375.6399
2026-07-13,CHF,NGN,buy,1702.0375
2026-07-13,CHF,NGN,middle,1702.6548
2026-07-13,CHF,NGN,sell,1703.2721
2026-07-13,CNY,NGN,buy,203.3978
2026-07-13,CNY,NGN,middle,203.4715
2026-07-13,CNY,NGN,sell,203.5453
2026-07-13,DKK,NGN,buy,210.719
2026-07-13,DKK,NGN,middle,210.7955
2026-07-13,DKK,NGN,sell,210.8719
2026-07-13,EUR,NGN,buy,1575.2459
2026-07-13,EUR,NGN,middle,1575.8172
2026-07-13,EUR,NGN,sell,1576.3885
2026-07-13,GBP,NGN,buy,1846.8401
2026-07-13,GBP,NGN,middle,1847.5099
2026-07-13,GBP,NGN,sell,1848.1797
2026-07-13,JPY,NGN,buy,8.5023
2026-07-13,JPY,NGN,middle,8.5054
2026-07-13,JPY,NGN,sell,8.5085
2026-07-13,SAR,NGN,buy,367.1506
2026-07-13,SAR,NGN,middle,367.2837
2026-07-13,SAR,NGN,sell,367.4169
2026-07-13,USD,NGN,buy,1378.6504
2026-07-13,USD,NGN,middle,1379.1504
2026-07-13,USD,NGN,sell,1379.6504
2026-07-13,XDR,NGN,buy,1873.641
2026-07-13,XDR,NGN,middle,1874.3206
2026-07-13,XDR,NGN,sell,1875.0001
2026-07-13,XOF,NGN,buy,2.3831
2026-07-13,XOF,NGN,middle,2.3931
2026-07-13,XOF,NGN,sell,2.4031
2026-07-13,XUA,NGN,buy,1873.541
2026-07-13,XUA,NGN,middle,1874.2205
2026-07-13,XUA,NGN,sell,1874.9
2026-07-13,ZAR,NGN,buy,84.249
2026-07-13,ZAR,NGN,middle,84.2795
2026-07-13,ZAR,NGN,sell,84.3101
2026-07-14,AED,NGN,buy,376.2593
2026-07-14,AED,NGN,middle,376.3954
2026-07-14,AED,NGN,sell,376.5315
2026-07-14,CHF,NGN,buy,1710.913
2026-07-14,CHF,NGN,middle,1711.5319
2026-07-14,CHF,NGN,sell,1712.1509
2026-07-14,CNY,NGN,buy,203.8219
2026-07-14,CNY,NGN,middle,203.8956
2026-07-14,CNY,NGN,sell,203.9694
2026-07-14,DKK,NGN,buy,211.6761
2026-07-14,DKK,NGN,middle,211.7527
2026-07-14,DKK,NGN,sell,211.8292
2026-07-14,EUR,NGN,buy,1582.6147
2026-07-14,EUR,NGN,middle,1583.1872
2026-07-14,EUR,NGN,sell,1583.7598
2026-07-14,GBP,NGN,buy,1853.6397
2026-07-14,GBP,NGN,middle,1854.3103
2026-07-14,GBP,NGN,sell,1854.9809
2026-07-14,JPY,NGN,buy,8.5371
2026-07-14,JPY,NGN,middle,8.5402
2026-07-14,JPY,NGN,sell,8.5433
2026-07-14,SAR,NGN,buy,367.9549
2026-07-14,SAR,NGN,middle,368.088
2026-07-14,SAR,NGN,sell,368.2212
2026-07-14,USD,NGN,buy,1382.0755
2026-07-14,USD,NGN,middle,1382.5755
2026-07-14,USD,NGN,sell,1383.0755
2026-07-14,XDR,NGN,buy,1875.587
2026-07-14,XDR,NGN,middle,1876.2656
2026-07-14,XDR,NGN,sell,1876.9441
2026-07-14,XOF,NGN,buy,2.3819
2026-07-14,XOF,NGN,middle,2.3919
2026-07-14,XOF,NGN,sell,2.4019
2026-07-14,XUA,NGN,buy,1872.9654
2026-07-14,XUA,NGN,middle,1873.643
2026-07-14,XUA,NGN,sell,1874.3206
2026-07-14,ZAR,NGN,buy,84.4299
2026-07-14,ZAR,NGN,middle,84.4605
2026-07-14,ZAR,NGN,sell,84.491
2026-07-15,AED,NGN,buy,376.0473
2026-07-15,AED,NGN,middle,376.1834
2026-07-15,AED,NGN,sell,376.3196
2026-07-15,CHF,NGN,buy,1707.0623
2026-07-15,CHF,NGN,middle,1707.6803
2026-07-15,CHF,NGN,sell,1708.2982
2026-07-15,CNY,NGN,buy,204.0154
2026-07-15,CNY,NGN,middle,204.0892
2026-07-15,CNY,NGN,sell,204.1631
2026-07-15,DKK,NGN,buy,211.1192
2026-07-15,DKK,NGN,middle,211.1956
2026-07-15,DKK,NGN,sell,211.2721
2026-07-15,EUR,NGN,buy,1578.5553
2026-07-15,EUR,NGN,middle,1579.1268
2026-07-15,EUR,NGN,sell,1579.6982
2026-07-15,GBP,NGN,buy,1855.3446
2026-07-15,GBP,NGN,middle,1856.0163
2026-07-15,GBP,NGN,sell,1856.6879
2026-07-15,JPY,NGN,buy,8.5132
2026-07-15,JPY,NGN,middle,8.5163
2026-07-15,JPY,NGN,sell,8.5194
2026-07-15,SAR,NGN,buy,367.8057
2026-07-15,SAR,NGN,middle,367.9389
2026-07-15,SAR,NGN,sell,368.072
2026-07-15,USD,NGN,buy,1381.1841
2026-07-15,USD,NGN,middle,1381.6841
2026-07-15,USD,NGN,sell,1382.1841
2026-07-15,XDR,NGN,buy,1875.9242
2026-07-15,XDR,NGN,middle,1876.6033
2026-07-15,XDR,NGN,sell,1877.2824
2026-07-15,XOF,NGN,buy,2.3819
2026-07-15,XOF,NGN,middle,2.3919
2026-07-15,XOF,NGN,sell,2.4019
2026-07-15,XUA,NGN,buy,1872.9645
2026-07-15,XUA,NGN,middle,1873.6425
2026-07-15,XUA,NGN,sell,1874.3206
2026-07-15,ZAR,NGN,buy,84.4343
2026-07-15,ZAR,NGN,middle,84.4648
2026-07-15,ZAR,NGN,sell,84.4954
2026-07-16,AED,NGN,buy,375.8794
2026-07-16,AED,NGN,middle,376.0155
2026-07-16,AED,NGN,sell,376.1517
2026-07-16,CHF,NGN,buy,1708.7881
2026-07-16,CHF,NGN,middle,1709.407
2026-07-16,CHF,NGN,sell,1710.0259
2026-07-16,CNY,NGN,buy,203.9037
2026-07-16,CNY,NGN,middle,203.9775
2026-07-16,CNY,NGN,sell,204.0514
2026-07-16,DKK,NGN,buy,211.543
2026-07-16,DKK,NGN,middle,211.6197
2026-07-16,DKK,NGN,sell,211.6963
2026-07-16,EUR,NGN,buy,1581.5351
2026-07-16,EUR,NGN,middle,1582.1079
2026-07-16,EUR,NGN,sell,1582.6807
2026-07-16,GBP,NGN,buy,1864.8198
2026-07-16,GBP,NGN,middle,1865.4952
2026-07-16,GBP,NGN,sell,1866.1706
2026-07-16,JPY,NGN,buy,8.5087
2026-07-16,JPY,NGN,middle,8.5117
2026-07-16,JPY,NGN,sell,8.5148
2026-07-16,SAR,NGN,buy,367.6022
2026-07-16,SAR,NGN,middle,367.7353
2026-07-16,SAR,NGN,sell,367.8684
2026-07-16,USD,NGN,buy,1380.5299
2026-07-16,USD,NGN,middle,1381.0299
2026-07-16,USD,NGN,sell,1381.5299
2026-07-16,XDR,NGN,buy,1878.915
2026-07-16,XDR,NGN,middle,1879.5955
2026-07-16,XDR,NGN,sell,1880.276
2026-07-16,XOF,NGN,buy,2.3825
2026-07-16,XOF,NGN,middle,2.3925
2026-07-16,XOF,NGN,sell,2.4025
2026-07-16,XUA,NGN,buy,1875.245
2026-07-16,XUA,NGN,middle,1875.9242
2026-07-16,XUA,NGN,sell,1876.6033
2026-07-16,ZAR,NGN,buy,84.0219
2026-07-16,ZAR,NGN,middle,84.0523
2026-07-16,ZAR,NGN,sell,84.0827
2026-07-17,AED,NGN,buy,375.4723
2026-07-17,AED,NGN,middle,375.6084
2026-07-17,AED,NGN,sell,375.7445
2026-07-17,CHF,NGN,buy,1706.7005
2026-07-17,CHF,NGN,middle,1707.3193
2026-07-17,CHF,NGN,sell,1707.938
2026-07-17,CNY,NGN,buy,203.4256
2026-07-17,CNY,NGN,middle,203.4993
2026-07-17,CNY,NGN,sell,203.5731
2026-07-17,DKK,NGN,buy,210.7878
2026-07-17,DKK,NGN,middle,210.8642
2026-07-17,DKK,NGN,sell,210.9407
2026-07-17,EUR,NGN,buy,1575.8564
2026-07-17,EUR,NGN,middle,1576.4277
2026-07-17,EUR,NGN,sell,1576.999
2026-07-17,GBP,NGN,buy,1853.0726
2026-07-17,GBP,NGN,middle,1853.7444
2026-07-17,GBP,NGN,sell,1854.4162
2026-07-17,JPY,NGN,buy,8.4894
2026-07-17,JPY,NGN,middle,8.4925
2026-07-17,JPY,NGN,sell,8.4955
2026-07-17,SAR,NGN,buy,367.2146
2026-07-17,SAR,NGN,middle,367.3478
2026-07-17,SAR,NGN,sell,367.4809
2026-07-17,USD,NGN,buy,1379.1847
2026-07-17,USD,NGN,middle,1379.6847
2026-07-17,USD,NGN,sell,1380.1847
2026-07-17,XDR,NGN,buy,1874.1741
2026-07-17,XDR,NGN,middle,1874.8535
2026-07-17,XDR,NGN,sell,1875.533
2026-07-17,XOF,NGN,buy,2.3819
2026-07-17,XOF,NGN,middle,2.3919
2026-07-17,XOF,NGN,sell,2.4019
2026-07-17,XUA,NGN,buy,1872.9625
2026-07-17,XUA,NGN,middle,1873.6415
2026-07-17,XUA,NGN,sell,1874.3206
2026-07-17,ZAR,NGN,buy,83.2293
2026-07-17,ZAR,NGN,middle,83.2595
2026-07-17,ZAR,NGN,sell,83.2897
2026-07-20,AED,NGN,buy,375.4824
2026-07-20,AED,NGN,middle,375.6185
2026-07-20,AED,NGN,sell,375.7547
2026-07-20,CHF,NGN,buy,1704.0767
2026-07-20,CHF,NGN,middle,1704.6946
2026-07-20,CHF,NGN,sell,1705.3124
2026-07-20,CNY,NGN,buy,203.7962
2026-07-20,CNY,NGN,middle,203.8701
2026-07-20,CNY,NGN,sell,203.944
2026-07-20,DKK,NGN,buy,210.6411
2026-07-20,DKK,NGN,middle,210.7175
2026-07-20,DKK,NGN,sell,210.7938
2026-07-20,EUR,NGN,buy,1574.8049
2026-07-20,EUR,NGN,middle,1575.3759
2026-07-20,EUR,NGN,sell,1575.9468
2026-07-20,GBP,NGN,buy,1856.0053
2026-07-20,GBP,NGN,middle,1856.6782
2026-07-20,GBP,NGN,sell,1857.3511
2026-07-20,JPY,NGN,buy,8.4905
2026-07-20,JPY,NGN,middle,8.4936
2026-07-20,JPY,NGN,sell,8.4966
2026-07-20,SAR,NGN,buy,367.2239
2026-07-20,SAR,NGN,middle,367.357
2026-07-20,SAR,NGN,sell,367.4902
2026-07-20,USD,NGN,buy,1379.1093
2026-07-20,USD,NGN,middle,1379.6093
2026-07-20,USD,NGN,sell,1380.1093
2026-07-20,XDR,NGN,buy,1875.0646
2026-07-20,XDR,NGN,middle,1875.7444
2026-07-20,XDR,NGN,sell,1876.4242
2026-07-20,XOF,NGN,buy,2.3819
2026-07-20,XOF,NGN,middle,2.3919
2026-07-20,XOF,NGN,sell,2.4019
2026-07-20,XUA,NGN,buy,1872.9625
2026-07-20,XUA,NGN,middle,1873.6415
2026-07-20,XUA,NGN,sell,1874.3206
2026-07-20,ZAR,NGN,buy,83.6275
2026-07-20,ZAR,NGN,middle,83.6578
2026-07-20,ZAR,NGN,sell,83.6881
2026-07-21,AED,NGN,buy,374.1956
2026-07-21,AED,NGN,middle,374.3318
2026-07-21,AED,NGN,sell,374.4679
2026-07-21,CHF,NGN,buy,1693.7494
2026-07-21,CHF,NGN,middle,1694.3657
2026-07-21,CHF,NGN,sell,1694.9819
2026-07-21,CNY,NGN,buy,203.1048
2026-07-21,CNY,NGN,middle,203.1786
2026-07-21,CNY,NGN,sell,203.2525
2026-07-21,DKK,NGN,buy,209.7956
2026-07-21,DKK,NGN,middle,209.872
2026-07-21,DKK,NGN,sell,209.9483
2026-07-21,EUR,NGN,buy,1568.6355
2026-07-21,EUR,NGN,middle,1569.2062
2026-07-21,EUR,NGN,sell,1569.7769
2026-07-21,GBP,NGN,buy,1839.7865
2026-07-21,GBP,NGN,middle,1840.4559
2026-07-21,GBP,NGN,sell,1841.1252
2026-07-21,JPY,NGN,buy,8.4417
2026-07-21,JPY,NGN,middle,8.4448
2026-07-21,JPY,NGN,sell,8.4478
2026-07-21,SAR,NGN,buy,366.0917
2026-07-21,SAR,NGN,middle,366.2249
2026-07-21,SAR,NGN,sell,366.3581
2026-07-21,USD,NGN,buy,1374.3083
2026-07-21,USD,NGN,middle,1374.8083
2026-07-21,USD,NGN,sell,1375.3083
2026-07-21,XDR,NGN,buy,1867.2177
2026-07-21,XDR,NGN,middle,1867.897
2026-07-21,XDR,NGN,sell,1868.5764
2026-07-21,XOF,NGN,buy,2.3819
2026-07-21,XOF,NGN,middle,2.3919
2026-07-21,XOF,NGN,sell,2.4019
2026-07-21,XUA,NGN,buy,1872.9577
2026-07-21,XUA,NGN,middle,1873.6391
2026-07-21,XUA,NGN,sell,1874.3206
2026-07-21,ZAR,NGN,buy,83.4345
2026-07-21,ZAR,NGN,middle,83.4649
2026-07-21,ZAR,NGN,sell,83.4952
2026-07-22,AED,NGN,buy,372.6407
2026-07-22,AED,NGN,middle,372.7768
2026-07-22,AED,NGN,sell,372.9129
2026-07-22,CHF,NGN,buy,1683.8516
2026-07-22,CHF,NGN,middle,1684.4668
2026-07-22,CHF,NGN,sell,1685.0819
2026-07-22,CNY,NGN,buy,202.0602
2026-07-22,CNY,NGN,middle,202.134
2026-07-22,CNY,NGN,sell,202.2078
2026-07-22,DKK,NGN,buy,208.8976
2026-07-22,DKK,NGN,middle,208.9739
2026-07-22,DKK,NGN,sell,209.0503
2026-07-22,EUR,NGN,buy,1561.8858
2026-07-22,EUR,NGN,middle,1562.4564
2026-07-22,EUR,NGN,sell,1563.027
2026-07-22,GBP,NGN,buy,1831.7805
2026-07-22,GBP,NGN,middle,1832.4497
2026-07-22,GBP,NGN,sell,1833.1189
2026-07-22,JPY,NGN,buy,8.3914
2026-07-22,JPY,NGN,middle,8.3944
2026-07-22,JPY,NGN,sell,8.3975
2026-07-22,SAR,NGN,buy,364.5803
2026-07-22,SAR,NGN,middle,364.7135
2026-07-22,SAR,NGN,sell,364.8467
2026-07-22,USD,NGN,buy,1368.6346
2026-07-22,USD,NGN,middle,1369.1346
2026-07-22,USD,NGN,sell,1369.6346
2026-07-22,XDR,NGN,buy,1857.7846
2026-07-22,XDR,NGN,middle,1858.4633
2026-07-22,XDR,NGN,sell,1859.142
2026-07-22,XOF,NGN,buy,2.3731
2026-07-22,XOF,NGN,middle,2.3831
2026-07-22,XOF,NGN,sell,2.3931
2026-07-22,XUA,NGN,buy,1866.5332
2026-07-22,XUA,NGN,middle,1867.2151
2026-07-22,XUA,NGN,sell,1867.897
2026-07-22,ZAR,NGN,buy,83.3349
2026-07-22,ZAR,NGN,middle,83.3654
2026-07-22,ZAR,NGN,sell,83.3958
2026-07-23,AED,NGN,buy,372.1295
2026-07-23,AED,NGN,middle,372.2657
2026-07-23,AED,NGN,sell,372.4018
2026-07-23,CHF,NGN,buy,1672.4883
2026-07-23,CHF,NGN,middle,1673.1001
2026-07-23,CHF,NGN,sell,1673.7119
2026-07-23,CNY,NGN,buy,201.8725
2026-07-23,CNY,NGN,middle,201.9463
2026-07-23,CNY,NGN,sell,202.0202
2026-07-23,DKK,NGN,buy,208.0617
2026-07-23,DKK,NGN,middle,208.1378
2026-07-23,DKK,NGN,sell,208.2139
2026-07-23,EUR,NGN,buy,1555.6433
2026-07-23,EUR,NGN,middle,1556.2124
2026-07-23,EUR,NGN,sell,1556.7815
2026-07-23,GBP,NGN,buy,1823.1177
2026-07-23,GBP,NGN,middle,1823.7846
2026-07-23,GBP,NGN,sell,1824.4516
2026-07-23,JPY,NGN,buy,8.3461
2026-07-23,JPY,NGN,middle,8.3492
2026-07-23,JPY,NGN,sell,8.3522
2026-07-23,SAR,NGN,buy,364.1094
2026-07-23,SAR,NGN,middle,364.2426
2026-07-23,SAR,NGN,sell,364.3758
2026-07-23,USD,NGN,buy,1366.7574
2026-07-23,USD,NGN,middle,1367.2574
2026-07-23,USD,NGN,sell,1367.7574
2026-07-23,XDR,NGN,buy,1855.0041
2026-07-23,XDR,NGN,middle,1855.6828
2026-07-23,XDR,NGN,sell,1856.3614
2026-07-23,XOF,NGN,buy,2.3731
2026-07-23,XOF,NGN,middle,2.3831
2026-07-23,XOF,NGN,sell,2.3931
2026-07-23,XUA,NGN,buy,1866.5314
2026-07-23,XUA,NGN,middle,1867.2142
2026-07-23,XUA,NGN,sell,1867.897
2026-07-23,ZAR,NGN,buy,82.1942
2026-07-23,ZAR,NGN,middle,82.2242
2026-07-23,ZAR,NGN,sell,82.2543
2026-07-24,AED,NGN,buy,370.5452
2026-07-24,AED,NGN,middle,370.6813
2026-07-24,AED,NGN,sell,370.8174
2026-07-24,CHF,NGN,buy,1663.5133
2026-07-24,CHF,NGN,middle,1664.1244
2026-07-24,CHF,NGN,sell,1664.7355
2026-07-24,CNY,NGN,buy,200.9726
2026-07-24,CNY,NGN,middle,201.0464
2026-07-24,CNY,NGN,sell,201.1202
2026-07-24,DKK,NGN,buy,207.0346
2026-07-24,DKK,NGN,middle,207.1106
2026-07-24,DKK,NGN,sell,207.1867
2026-07-24,EUR,NGN,buy,1547.9638
2026-07-24,EUR,NGN,middle,1548.5324
2026-07-24,EUR,NGN,sell,1549.1011
2026-07-24,GBP,NGN,buy,1812.2868
2026-07-24,GBP,NGN,middle,1812.9526
2026-07-24,GBP,NGN,sell,1813.6183
2026-07-24,JPY,NGN,buy,8.3064
2026-07-24,JPY,NGN,middle,8.3095
2026-07-24,JPY,NGN,sell,8.3125
2026-07-24,SAR,NGN,buy,362.5697
2026-07-24,SAR,NGN,middle,362.7029
2026-07-24,SAR,NGN,sell,362.8361
2026-07-24,USD,NGN,buy,1361.0866
2026-07-24,USD,NGN,middle,1361.5866
2026-07-24,USD,NGN,sell,1362.0866
2026-07-24,XDR,NGN,buy,1845.334
2026-07-24,XDR,NGN,middle,1846.0119
2026-07-24,XDR,NGN,sell,1846.6898
2026-07-24,XOF,NGN,buy,2.3731
2026-07-24,XOF,NGN,middle,2.3831
2026-07-24,XOF,NGN,sell,2.3931
2026-07-24,XUA,NGN,buy,1866.5257
2026-07-24,XUA,NGN,middle,1867.2114
2026-07-24,XUA,NGN,sell,1867.897
2026-07-24,ZAR,NGN,buy,80.592
2026-07-24,ZAR,NGN,middle,80.6216
2026-07-24,ZAR,NGN,sell,80.6512
2026-07-27,AED,NGN,buy,370.6081
2026-07-27,AED,NGN,middle,370.7442
2026-07-27,AED,NGN,sell,370.8803
2026-07-27,CHF,NGN,buy,1664.0665
2026-07-27,CHF,NGN,middle,1664.6778
2026-07-27,CHF,NGN,sell,1665.289
2026-07-27,CNY,NGN,buy,201.1685
2026-07-27,CNY,NGN,middle,201.2424
2026-07-27,CNY,NGN,sell,201.3162
2026-07-27,DKK,NGN,buy,207.2041
2026-07-27,DKK,NGN,middle,207.2802
2026-07-27,DKK,NGN,sell,207.3563
2026-07-27,EUR,NGN,buy,1549.0529
2026-07-27,EUR,NGN,middle,1549.6219
2026-07-27,EUR,NGN,sell,1550.1909
2026-07-27,GBP,NGN,buy,1812.7186
2026-07-27,GBP,NGN,middle,1813.3844
2026-07-27,GBP,NGN,sell,1814.0503
2026-07-27,JPY,NGN,buy,8.3142
2026-07-27,JPY,NGN,middle,8.3173
2026-07-27,JPY,NGN,sell,8.3203
2026-07-27,SAR,NGN,buy,362.6016
2026-07-27,SAR,NGN,middle,362.7348
2026-07-27,SAR,NGN,sell,362.868
2026-07-27,USD,NGN,buy,1361.2064
2026-07-27,USD,NGN,middle,1361.7064
2026-07-27,USD,NGN,sell,1362.2064
2026-07-27,XDR,NGN,buy,1846.422
2026-07-27,XDR,NGN,middle,1847.1003
2026-07-27,XDR,NGN,sell,1847.7785
2026-07-27,XOF,NGN,buy,2.3731
2026-07-27,XOF,NGN,middle,2.3831
2026-07-27,XOF,NGN,sell,2.3931
2026-07-27,XUA,NGN,buy,1866.5258
2026-07-27,XUA,NGN,middle,1867.2114
2026-07-27,XUA,NGN,sell,1867.897
2026-07-27,ZAR,NGN,buy,81.2244
2026-07-27,ZAR,NGN,middle,81.2542
2026-07-27,ZAR,NGN,sell,81.284
2026-07-28,AED,NGN,buy,371.4524
2026-07-28,AED,NGN,middle,371.5885
2026-07-28,AED,NGN,sell,371.7246
2026-07-28,CHF,NGN,buy,1665.8898
2026-07-28,CHF,NGN,middle,1666.5002
2026-07-28,CHF,NGN,sell,1667.1106
2026-07-28,CNY,NGN,buy,201.5108
2026-07-28,CNY,NGN,middle,201.5846
2026-07-28,CNY,NGN,sell,201.6585
2026-07-28,DKK,NGN,buy,207.5615
2026-07-28,DKK,NGN,middle,207.6376
2026-07-28,DKK,NGN,sell,207.7136
2026-07-28,EUR,NGN,buy,1551.7439
2026-07-28,EUR,NGN,middle,1552.3125
2026-07-28,EUR,NGN,sell,1552.8811
2026-07-28,GBP,NGN,buy,1815.0982
2026-07-28,GBP,NGN,middle,1815.7633
2026-07-28,GBP,NGN,sell,1816.4284
2026-07-28,JPY,NGN,buy,8.3284
2026-07-28,JPY,NGN,middle,8.3315
2026-07-28,JPY,NGN,sell,8.3345
2026-07-28,SAR,NGN,buy,363.4773
2026-07-28,SAR,NGN,middle,363.6105
2026-07-28,SAR,NGN,sell,363.7437
2026-07-28,USD,NGN,buy,1364.5303
2026-07-28,USD,NGN,middle,1365.0303
2026-07-28,USD,NGN,sell,1365.5303
2026-07-28,XDR,NGN,buy,1848.3655
2026-07-28,XDR,NGN,middle,1849.0427
2026-07-28,XDR,NGN,sell,1849.72
2026-07-28,XOF,NGN,buy,2.3443
2026-07-28,XOF,NGN,middle,2.3543
2026-07-28,XOF,NGN,sell,2.3643
2026-07-28,XUA,NGN,buy,1845.7476
2026-07-28,XUA,NGN,middle,1846.4239
2026-07-28,XUA,NGN,sell,1847.1003
2026-07-28,ZAR,NGN,buy,81.4844
2026-07-28,ZAR,NGN,middle,81.5143
2026-07-28,ZAR,NGN,sell,81.5442
2026-07-29,AED,NGN,buy,371.7746
2026-07-29,AED,NGN,middle,371.9107
2026-07-29,AED,NGN,sell,372.0468
2026-07-29,CHF,NGN,buy,1665.5049
2026-07-29,CHF,NGN,middle,1666.1146
2026-07-29,CHF,NGN,sell,1666.7244
2026-07-29,CNY,NGN,buy,201.8376
2026-07-29,CNY,NGN,middle,201.9115
2026-07-29,CNY,NGN,sell,201.9854
2026-07-29,DKK,NGN,buy,207.8776
2026-07-29,DKK,NGN,middle,207.9537
2026-07-29,DKK,NGN,sell,208.0298
2026-07-29,EUR,NGN,buy,1554.1825
2026-07-29,EUR,NGN,middle,1554.7515
2026-07-29,EUR,NGN,sell,1555.3205
2026-07-29,GBP,NGN,buy,1814.4876
2026-07-29,GBP,NGN,middle,1815.1519
2026-07-29,GBP,NGN,sell,1815.8162
2026-07-29,JPY,NGN,buy,8.3372
2026-07-29,JPY,NGN,middle,8.3402
2026-07-29,JPY,NGN,sell,8.3433
2026-07-29,SAR,NGN,buy,363.7539
2026-07-29,SAR,NGN,middle,363.8871
2026-07-29,SAR,NGN,sell,364.0202
2026-07-29,USD,NGN,buy,1365.714
2026-07-29,USD,NGN,middle,1366.214
2026-07-29,USD,NGN,sell,1366.714
2026-07-29,XDR,NGN,buy,1851.6214
2026-07-29,XDR,NGN,middle,1852.2993
2026-07-29,XDR,NGN,sell,1852.9772
2026-07-29,XOF,NGN,buy,2.3455
2026-07-29,XOF,NGN,middle,2.3555
2026-07-29,XOF,NGN,sell,2.3655
2026-07-29,XUA,NGN,buy,1847.6898
2026-07-29,XUA,NGN,middle,1848.3663
2026-07-29,XUA,NGN,sell,1849.0427
2026-07-29,ZAR,NGN,buy,81.4005
2026-07-29,ZAR,NGN,middle,81.4304
2026-07-29,ZAR,NGN,sell,81.4602
2026-07-30,AED,NGN,buy,371.8593
2026-07-30,AED,NGN,middle,371.9955
2026-07-30,AED,NGN,sell,372.1316
2026-07-30,CHF,NGN,buy,1690.048
2026-07-30,CHF,NGN,middle,1690.6667
2026-07-30,CHF,NGN,sell,1691.2855
2026-07-30,CNY,NGN,buy,202.1773
2026-07-30,CNY,NGN,middle,202.2513
2026-07-30,CNY,NGN,sell,202.3253
2026-07-30,DKK,NGN,buy,210.2478
2026-07-30,DKK,NGN,middle,210.3248
2026-07-30,DKK,NGN,sell,210.4018
2026-07-30,EUR,NGN,buy,1571.8161
2026-07-30,EUR,NGN,middle,1572.3916
2026-07-30,EUR,NGN,sell,1572.967
2026-07-30,GBP,NGN,buy,1832.9433
2026-07-30,GBP,NGN,middle,1833.6143
2026-07-30,GBP,NGN,sell,1834.2854
2026-07-30,JPY,NGN,buy,8.5113
2026-07-30,JPY,NGN,middle,8.5144
2026-07-30,JPY,NGN,sell,8.5176
2026-07-30,SAR,NGN,buy,363.6994
2026-07-30,SAR,NGN,middle,363.8326
2026-07-30,SAR,NGN,sell,363.9658
2026-07-30,USD,NGN,buy,1365.7278
2026-07-30,USD,NGN,middle,1366.2278
2026-07-30,USD,NGN,sell,1366.7278
2026-07-30,XDR,NGN,buy,1858.4141
2026-07-30,XDR,NGN,middle,1859.0945
2026-07-30,XDR,NGN,sell,1859.7749
2026-07-30,XOF,NGN,buy,2.3502
2026-07-30,XOF,NGN,middle,2.3602
2026-07-30,XOF,NGN,sell,2.3702
2026-07-30,XUA,NGN,buy,1850.944
2026-07-30,XUA,NGN,middle,1851.6216
2026-07-30,XUA,NGN,sell,1852.2993
2026-07-30,ZAR,NGN,buy,82.8427
2026-07-30,ZAR,NGN,middle,82.873
2026-07-30,ZAR,NGN,sell,82.9033
2026-07-31,AED,NGN,buy,372.2665
2026-07-31,AED,NGN,middle,372.4026
2026-07-31,AED,NGN,sell,372.5388
2026-07-31,CHF,NGN,buy,1689.3898
2026-07-31,CHF,NGN,middle,1690.0077
2026-07-31,CHF,NGN,sell,1690.6255
2026-07-31,CNY,NGN,buy,202.5006
2026-07-31,CNY,NGN,middle,202.5746
2026-07-31,CNY,NGN,sell,202.6487
2026-07-31,DKK,NGN,buy,210.3582
2026-07-31,DKK,NGN,middle,210.4351
2026-07-31,DKK,NGN,sell,210.5121
2026-07-31,EUR,NGN,buy,1572.7168
2026-07-31,EUR,NGN,middle,1573.292
2026-07-31,EUR,NGN,sell,1573.8671
2026-07-31,GBP,NGN,buy,1836.4542
2026-07-31,GBP,NGN,middle,1837.1258
2026-07-31,GBP,NGN,sell,1837.7974
2026-07-31,JPY,NGN,buy,8.5574
2026-07-31,JPY,NGN,middle,8.5606
2026-07-31,JPY,NGN,sell,8.5637
2026-07-31,SAR,NGN,buy,363.9426
2026-07-31,SAR,NGN,middle,364.0757
2026-07-31,SAR,NGN,sell,364.2088
2026-07-31,USD,NGN,buy,1367.2232
2026-07-31,USD,NGN,middle,1367.7232
2026-07-31,USD,NGN,sell,1368.2232
2026-07-31,XDR,NGN,buy,1864.4823
2026-07-31,XDR,NGN,middle,1865.1641
2026-07-31,XDR,NGN,sell,1865.846
2026-07-31,XOF,NGN,buy,2.3615
2026-07-31,XOF,NGN,middle,2.3715
2026-07-31,XOF,NGN,sell,2.3815
2026-07-31,XUA,NGN,buy,1850.9455
2026-07-31,XUA,NGN,middle,1851.6224
2026-07-31,XUA,NGN,sell,1852.2993
2026-07-31,ZAR,NGN,buy,82.6701
2026-07-31,ZAR,NGN,middle,82.7004
2026-07-31,ZAR,NGN,sell,82.7306
2026-08-03,AED,NGN,buy,371.3236
2026-08-03,AED,NGN,middle,371.4597
2026-08-03,AED,NGN,sell,371.5959
2026-08-03,CHF,NGN,buy,1685.6191
2026-08-03,CHF,NGN,middle,1686.2371
2026-08-03,CHF,NGN,sell,1686.855
2026-08-03,CNY,NGN,buy,201.9628
2026-08-03,CNY,NGN,middle,202.0368
2026-08-03,CNY,NGN,sell,202.1109
2026-08-03,DKK,NGN,buy,210.3774
2026-08-03,DKK,NGN,middle,210.4545
2026-08-03,DKK,NGN,sell,210.5316
2026-08-03,EUR,NGN,buy,1572.7738
2026-08-03,EUR,NGN,middle,1573.3504
2026-08-03,EUR,NGN,sell,1573.927
2026-08-03,GBP,NGN,buy,1836.5394
2026-08-03,GBP,NGN,middle,1837.2127
2026-08-03,GBP,NGN,sell,1837.886
2026-08-03,JPY,NGN,buy,8.6957
2026-08-03,JPY,NGN,middle,8.6989
2026-08-03,JPY,NGN,sell,8.7021
2026-08-03,SAR,NGN,buy,363.1179
2026-08-03,SAR,NGN,middle,363.251
2026-08-03,SAR,NGN,sell,363.3841
2026-08-03,USD,NGN,buy,1363.8344
2026-08-03,USD,NGN,middle,1364.3344
2026-08-03,USD,NGN,sell,1364.8344
2026-08-03,XDR,NGN,buy,1863.4069
2026-08-03,XDR,NGN,middle,1864.0901
2026-08-03,XDR,NGN,sell,1864.7732
2026-08-03,XOF,NGN,buy,2.3747
2026-08-03,XOF,NGN,middle,2.3847
2026-08-03,XOF,NGN,sell,2.3947
2026-08-03,XUA,NGN,buy,1863.7702
2026-08-03,XUA,NGN,middle,1864.4535
2026-08-03,XUA,NGN,sell,1865.1368
2026-08-03,ZAR,NGN,buy,82.6441
2026-08-03,ZAR,NGN,middle,82.6744
2026-08-03,ZAR,NGN,sell,82.7047
2026-08-04,AED,NGN,buy,370.6826
2026-08-04,AED,NGN,middle,370.8187
2026-08-04,AED,NGN,sell,370.9548
2026-08-04,CHF,NGN,buy,1681.9694
2026-08-04,CHF,NGN,middle,1682.587
2026-08-04,CHF,NGN,sell,1683.2047
2026-08-04,CNY,NGN,buy,201.5953
2026-08-04,CNY,NGN,middle,201.6693
2026-08-04,CNY,NGN,sell,201.7433
2026-08-04,DKK,NGN,buy,209.6731
2026-08-04,DKK,NGN,middle,209.7501
2026-08-04,DKK,NGN,sell,209.8271
2026-08-04,EUR,NGN,buy,1567.5574
2026-08-04,EUR,NGN,middle,1568.133
2026-08-04,EUR,NGN,sell,1568.7087
2026-08-04,GBP,NGN,buy,1830.065
2026-08-04,GBP,NGN,middle,1830.7371
2026-08-04,GBP,NGN,sell,1831.4091
2026-08-04,JPY,NGN,buy,8.642
2026-08-04,JPY,NGN,middle,8.6452
2026-08-04,JPY,NGN,sell,8.6484
2026-08-04,SAR,NGN,buy,362.5204
2026-08-04,SAR,NGN,middle,362.6535
2026-08-04,SAR,NGN,sell,362.7867
2026-08-04,USD,NGN,buy,1361.5542
2026-08-04,USD,NGN,middle,1362.0542
2026-08-04,USD,NGN,sell,1362.5542
2026-08-04,XDR,NGN,buy,1858.8483
2026-08-04,XDR,NGN,middle,1859.5309
2026-08-04,XDR,NGN,sell,1860.2135
2026-08-04,XOF,NGN,buy,2.3792
2026-08-04,XOF,NGN,middle,2.3892
2026-08-04,XOF,NGN,sell,2.3992
2026-08-04,XUA,NGN,buy,1862.722
2026-08-04,XUA,NGN,middle,1863.406
2026-08-04,XUA,NGN,sell,1864.0901
2026-08-04,ZAR,NGN,buy,82.9321
2026-08-04,ZAR,NGN,middle,82.9625
2026-08-04,ZAR,NGN,sell,82.993
2026-08-05,AED,NGN,buy,370.9947
2026-08-05,AED,NGN,middle,371.1308
2026-08-05,AED,NGN,sell,371.2669
2026-08-05,CHF,NGN,buy,1685.0261
2026-08-05,CHF,NGN,middle,1685.6443
2026-08-05,CHF,NGN,sell,1686.2625
2026-08-05,CNY,NGN,buy,201.8976
2026-08-05,CNY,NGN,middle,201.9717
2026-08-05,CNY,NGN,sell,202.0457
2026-08-05,DKK,NGN,buy,210.5469
2026-08-05,DKK,NGN,middle,210.6242
2026-08-05,DKK,NGN,sell,210.7014
2026-08-05,EUR,NGN,buy,1574.0907
2026-08-05,EUR,NGN,middle,1574.6682
2026-08-05,EUR,NGN,sell,1575.2457
2026-08-05,GBP,NGN,buy,1836.0303
2026-08-05,GBP,NGN,middle,1836.7039
2026-08-05,GBP,NGN,sell,1837.3775
2026-08-05,JPY,NGN,buy,8.6464
2026-08-05,JPY,NGN,middle,8.6496
2026-08-05,JPY,NGN,sell,8.6528
2026-08-05,SAR,NGN,buy,362.8555
2026-08-05,SAR,NGN,middle,362.9887
2026-08-05,SAR,NGN,sell,363.1218
2026-08-05,USD,NGN,buy,1362.8491
2026-08-05,USD,NGN,middle,1363.3491
2026-08-05,USD,NGN,sell,1363.8491
2026-08-05,XDR,NGN,buy,1860.6161
2026-08-05,XDR,NGN,middle,1861.2987
2026-08-05,XDR,NGN,sell,1861.9813
2026-08-05,XOF,NGN,buy,2.371
2026-08-05,XOF,NGN,middle,2.381
2026-08-05,XOF,NGN,sell,2.391
2026-08-05,XUA,NGN,buy,1858.1675
2026-08-05,XUA,NGN,middle,1858.8492
2026-08-05,XUA,NGN,sell,1859.5309
2026-08-05,ZAR,NGN,buy,83.292
2026-08-05,ZAR,NGN,middle,83.3226
2026-08-05,ZAR,NGN,sell,83.3531
2026-08-06,AED,NGN,buy,371.3474
2026-08-06,AED,NGN,middle,371.4835
2026-08-06,AED,NGN,sell,371.6196
2026-08-06,CHF,NGN,buy,1683.6003
2026-08-06,CHF,NGN,middle,1684.2175
2026-08-06,CHF,NGN,sell,1684.8347
2026-08-06,CNY,NGN,buy,202.0779
2026-08-06,CNY,NGN,middle,202.152
2026-08-06,CNY,NGN,sell,202.2261
2026-08-06,DKK,NGN,buy,210.4955
2026-08-06,DKK,NGN,middle,210.5727
2026-08-06,DKK,NGN,sell,210.6498
2026-08-06,EUR,NGN,buy,1573.6501
2026-08-06,EUR,NGN,middle,1574.227
2026-08-06,EUR,NGN,sell,1574.8039
2026-08-06,GBP,NGN,buy,1836.7434
2026-08-06,GBP,NGN,middle,1837.4167
2026-08-06,GBP,NGN,sell,1838.0901
2026-08-06,JPY,NGN,buy,8.6355
2026-08-06,JPY,NGN,middle,8.6386
2026-08-06,JPY,NGN,sell,8.6418
2026-08-06,SAR,NGN,buy,363.2473
2026-08-06,SAR,NGN,middle,363.3805
2026-08-06,SAR,NGN,sell,363.5136
2026-08-06,USD,NGN,buy,1363.8846
2026-08-06,USD,NGN,middle,1364.3846
2026-08-06,USD,NGN,sell,1364.8846
2026-08-06,XDR,NGN,buy,1863.7483
2026-08-06,XDR,NGN,middle,1864.4316
2026-08-06,XDR,NGN,sell,1865.1148
2026-08-06,XOF,NGN,buy,2.3814
2026-08-06,XOF,NGN,middle,2.3914
2026-08-06,XOF,NGN,sell,2.4014
2026-08-06,XUA,NGN,buy,1861.7741
2026-08-06,XUA,NGN,middle,1862.4567
2026-08-06,XUA,NGN,sell,1863.1392
2026-08-06,ZAR,NGN,buy,83.4834
2026-08-06,ZAR,NGN,middle,83.514
2026-08-06,ZAR,NGN,sell,83.5446
2026-08-07,AED,NGN,buy,371.4947
2026-08-07,AED,NGN,middle,371.6308
2026-08-07,AED,NGN,sell,371.7669
2026-08-07,CHF,NGN,buy,1689.3855
2026-08-07,CHF,NGN,middle,1690.0045
2026-08-07,CHF,NGN,sell,1690.6234
2026-08-07,CNY,NGN,buy,202.2416
2026-08-07,CNY,NGN,middle,202.3157
2026-08-07,CNY,NGN,sell,202.3898
2026-08-07,DKK,NGN,buy,211.0948
2026-08-07,DKK,NGN,middle,211.1721
2026-08-07,DKK,NGN,sell,211.2495
2026-08-07,EUR,NGN,buy,1574.5742
2026-08-07,EUR,NGN,middle,1575.1511
2026-08-07,EUR,NGN,sell,1575.728
2026-08-07,GBP,NGN,buy,1837.8221
2026-08-07,GBP,NGN,middle,1838.4954
2026-08-07,GBP,NGN,sell,1839.1688
2026-08-07,JPY,NGN,buy,8.6581
2026-08-07,JPY,NGN,middle,8.6612
2026-08-07,JPY,NGN,sell,8.6644
2026-08-07,SAR,NGN,buy,363.4413
2026-08-07,SAR,NGN,middle,363.5744
2026-08-07,SAR,NGN,sell,363.7076
2026-08-07,USD,NGN,buy,1364.6856
2026-08-07,USD,NGN,middle,1365.1856
2026-08-07,USD,NGN,sell,1365.6856
2026-08-07,XDR,NGN,buy,1863.5874
2026-08-07,XDR,NGN,middle,1864.2702
2026-08-07,XDR,NGN,sell,1864.9529
2026-08-07,XOF,NGN,buy,2.3807
2026-08-07,XOF,NGN,middle,2.3907
2026-08-07,XOF,NGN,sell,2.4007
2026-08-07,XUA,NGN,buy,1863.0664
2026-08-07,XUA,NGN,middle,1863.749
2026-08-07,XUA,NGN,sell,1864.4316
2026-08-07,ZAR,NGN,buy,84.4238
2026-08-07,ZAR,NGN,middle,84.4547
2026-08-07,ZAR,NGN,sell,84.4857
2026-08-10,AED,NGN,buy,370.066
2026-08-10,AED,NGN,middle,370.2022
2026-08-10,AED,NGN,sell,370.3383
2026-08-10,CHF,NGN,buy,1679.6113
2026-08-10,CHF,NGN,middle,1680.2292
2026-08-10,CHF,NGN,sell,1680.8471
2026-08-10,CNY,NGN,buy,201.4647
2026-08-10,CNY,NGN,middle,201.5388
2026-08-10,CNY,NGN,sell,201.613
2026-08-10,DKK,NGN,buy,209.9741
2026-08-10,DKK,NGN,middle,210.0514
2026-08-10,DKK,NGN,sell,210.1286
2026-08-10,EUR,NGN,buy,1569.9443
2026-08-10,EUR,NGN,middle,1570.5219
2026-08-10,EUR,NGN,sell,1571.0994
2026-08-10,GBP,NGN,buy,1837.1516
2026-08-10,GBP,NGN,middle,1837.8274
2026-08-10,GBP,NGN,sell,1838.5033
2026-08-10,JPY,NGN,buy,8.5545
2026-08-10,JPY,NGN,middle,8.5577
2026-08-10,JPY,NGN,sell,8.5608
2026-08-10,SAR,NGN,buy,361.9551
2026-08-10,SAR,NGN,middle,362.0883
2026-08-10,SAR,NGN,sell,362.2214
2026-08-10,USD,NGN,buy,1359.1415
2026-08-10,USD,NGN,middle,1359.6415
2026-08-10,USD,NGN,sell,1360.1415
2026-08-10,XDR,NGN,buy,1866.6178
2026-08-10,XDR,NGN,middle,1867.3044
2026-08-10,XDR,NGN,sell,1867.9911
2026-08-10,XOF,NGN,buy,2.3807
2026-08-10,XOF,NGN,middle,2.3907
2026-08-10,XOF,NGN,sell,2.4007
2026-08-10,XUA,NGN,buy,1862.8996
2026-08-10,XUA,NGN,middle,1863.5849
2026-08-10,XUA,NGN,sell,1864.2702
2026-08-10,ZAR,NGN,buy,84.0065
2026-08-10,ZAR,NGN,middle,84.0374
2026-08-10,ZAR,NGN,sell,84.0683
2026-08-11,AED,NGN,buy,371.3615
2026-08-11,AED,NGN,middle,371.4976
2026-08-11,AED,NGN,sell,371.6337
2026-08-11,CHF,NGN,buy,1682.7874
2026-08-11,CHF,NGN,middle,1683.4043
2026-08-11,CHF,NGN,sell,1684.0212
2026-08-11,CNY,NGN,buy,202.1909
2026-08-11,CNY,NGN,middle,202.2651
2026-08-11,CNY,NGN,sell,202.3392
2026-08-11,DKK,NGN,buy,210.5563
2026-08-11,DKK,NGN,middle,210.6334
2026-08-11,DKK,NGN,sell,210.7106
2026-08-11,EUR,NGN,buy,1574.3488
2026-08-11,EUR,NGN,middle,1574.926
2026-08-11,EUR,NGN,sell,1575.5031
2026-08-11,GBP,NGN,buy,1841.2639
2026-08-11,GBP,NGN,middle,1841.9389
2026-08-11,GBP,NGN,sell,1842.6139
2026-08-11,JPY,NGN,buy,8.5656
2026-08-11,JPY,NGN,middle,8.5687
2026-08-11,JPY,NGN,sell,8.5719
2026-08-11,SAR,NGN,buy,363.2318
2026-08-11,SAR,NGN,middle,363.365
2026-08-11,SAR,NGN,sell,363.4981
2026-08-11,USD,NGN,buy,1363.8992
2026-08-11,USD,NGN,middle,1364.3992
2026-08-11,USD,NGN,sell,1364.8992
2026-08-11,XDR,NGN,buy,1873.1519
2026-08-11,XDR,NGN,middle,1873.8386
2026-08-11,XDR,NGN,sell,1874.5253
2026-08-11,XOF,NGN,buy,2.3751
2026-08-11,XOF,NGN,middle,2.3851
2026-08-11,XOF,NGN,sell,2.3951
2026-08-11,XUA,NGN,buy,1857.1731
2026-08-11,XUA,NGN,middle,1857.8539
2026-08-11,XUA,NGN,sell,1858.5348
2026-08-11,ZAR,NGN,buy,84.2527
2026-08-11,ZAR,NGN,middle,84.2836
2026-08-11,ZAR,NGN,sell,84.3145
2026-08-12,AED,NGN,buy,370.1751
2026-08-12,AED,NGN,middle,370.3113
2026-08-12,AED,NGN,sell,370.4474
2026-08-12,CHF,NGN,buy,1677.0435
2026-08-12,CHF,NGN,middle,1677.6603
2026-08-12,CHF,NGN,sell,1678.277
2026-08-12,CNY,NGN,buy,201.6581
2026-08-12,CNY,NGN,middle,201.7323
2026-08-12,CNY,NGN,sell,201.8065
2026-08-12,DKK,NGN,buy,210.0904
2026-08-12,DKK,NGN,middle,210.1677
2026-08-12,DKK,NGN,sell,210.245
2026-08-12,EUR,NGN,buy,1570.8578
2026-08-12,EUR,NGN,middle,1571.4355
2026-08-12,EUR,NGN,sell,1572.0132
2026-08-12,GBP,NGN,buy,1839.6466
2026-08-12,GBP,NGN,middle,1840.3232
2026-08-12,GBP,NGN,sell,1840.9997
2026-08-12,JPY,NGN,buy,8.5578
2026-08-12,JPY,NGN,middle,8.561
2026-08-12,JPY,NGN,sell,8.5641
2026-08-12,SAR,NGN,buy,362.091
2026-08-12,SAR,NGN,middle,362.2241
2026-08-12,SAR,NGN,sell,362.3573
2026-08-12,USD,NGN,buy,1359.5792
2026-08-12,USD,NGN,middle,1360.0792
2026-08-12,USD,NGN,sell,1360.5792
2026-08-12,XDR,NGN,buy,1857.3347
2026-08-12,XDR,NGN,middle,1858.0178
2026-08-12,XDR,NGN,sell,1858.7009
2026-08-12,XOF,NGN,buy,2.3803
2026-08-12,XOF,NGN,middle,2.3903
2026-08-12,XOF,NGN,sell,2.4003
2026-08-12,XUA,NGN,buy,1862.4949
2026-08-12,XUA,NGN,middle,1863.1798
2026-08-12,XUA,NGN,sell,1863.8648
2026-08-12,ZAR,NGN,buy,84.4727
2026-08-12,ZAR,NGN,middle,84.5037
2026-08-12,ZAR,NGN,sell,84.5348
2026-08-13,AED,NGN,buy,369.3579
2026-08-13,AED,NGN,middle,369.494
2026-08-13,AED,NGN,sell,369.6302
2026-08-13,CHF,NGN,buy,1670.7532
2026-08-13,CHF,NGN,middle,1671.369
2026-08-13,CHF,NGN,sell,1671.9847
2026-08-13,CNY,NGN,buy,201.1941
2026-08-13,CNY,NGN,middle,201.2682
2026-08-13,CNY,NGN,sell,201.3424
2026-08-13,DKK,NGN,buy,209.4245
2026-08-13,DKK,NGN,middle,209.5016
2026-08-13,DKK,NGN,sell,209.5788
2026-08-13,EUR,NGN,buy,1565.8473
2026-08-13,EUR,NGN,middle,1566.4244
2026-08-13,EUR,NGN,sell,1567.0015
2026-08-13,GBP,NGN,buy,1832.7006
2026-08-13,GBP,NGN,middle,1833.3761
2026-08-13,GBP,NGN,sell,1834.0515
2026-08-13,JPY,NGN,buy,8.5201
2026-08-13,JPY,NGN,middle,8.5232
2026-08-13,JPY,NGN,sell,8.5264
2026-08-13,SAR,NGN,buy,361.3498
2026-08-13,SAR,NGN,middle,361.483
2026-08-13,SAR,NGN,sell,361.6161
2026-08-13,USD,NGN,buy,1356.6516
2026-08-13,USD,NGN,middle,1357.1516
2026-08-13,USD,NGN,sell,1357.6516
2026-08-13,XDR,NGN,buy,1852.9148
2026-08-13,XDR,NGN,middle,1853.5977
2026-08-13,XDR,NGN,sell,1854.2806
2026-08-13,XOF,NGN,buy,2.3738
2026-08-13,XOF,NGN,middle,2.3838
2026-08-13,XOF,NGN,sell,2.3938
2026-08-13,XUA,NGN,buy,1856.6492
2026-08-13,XUA,NGN,middle,1857.3335
2026-08-13,XUA,NGN,sell,1858.0178
2026-08-13,ZAR,NGN,buy,84.1694
2026-08-13,ZAR,NGN,middle,84.2005
2026-08-13,ZAR,NGN,sell,84.2315
2026-08-14,AED,NGN,buy,369.3664
2026-08-14,AED,NGN,middle,369.5025
2026-08-14,AED,NGN,sell,369.6386
2026-08-14,CHF,NGN,buy,1672.3481
2026-08-14,CHF,NGN,middle,1672.9645
2026-08-14,CHF,NGN,sell,1673.5809
2026-08-14,CNY,NGN,buy,201.2235
2026-08-14,CNY,NGN,middle,201.2977
2026-08-14,CNY,NGN,sell,201.3719
2026-08-14,DKK,NGN,buy,210.0599
2026-08-14,DKK,NGN,middle,210.1373
2026-08-14,DKK,NGN,sell,210.2147
2026-08-14,EUR,NGN,buy,1570.546
2026-08-14,EUR,NGN,middle,1571.1249
2026-08-14,EUR,NGN,sell,1571.7037
2026-08-14,GBP,NGN,buy,1838.7476
2026-08-14,GBP,NGN,middle,1839.4253
2026-08-14,GBP,NGN,sell,1840.103
2026-08-14,JPY,NGN,buy,8.5354
2026-08-14,JPY,NGN,middle,8.5385
2026-08-14,JPY,NGN,sell,8.5416
2026-08-14,SAR,NGN,buy,361.3191
2026-08-14,SAR,NGN,middle,361.4523
2026-08-14,SAR,NGN,sell,361.5855
2026-08-14,USD,NGN,buy,1356.6088
2026-08-14,USD,NGN,middle,1357.1088
2026-08-14,USD,NGN,sell,1357.6088
2026-08-14,XDR,NGN,buy,1854.4842
2026-08-14,XDR,NGN,middle,1855.1677
2026-08-14,XDR,NGN,sell,1855.8512
2026-08-14,XOF,NGN,buy,2.3664
2026-08-14,XOF,NGN,middle,2.3764
2026-08-14,XOF,NGN,sell,2.3864
2026-08-14,XUA,NGN,buy,1852.2865
2026-08-14,XUA,NGN,middle,1852.9692
2026-08-14,XUA,NGN,sell,1853.6519
2026-08-14,ZAR,NGN,buy,83.7915
2026-08-14,ZAR,NGN,middle,83.8223
2026-08-14,ZAR,NGN,sell,83.8532
2026-08-17,AED,NGN,buy,367.1487
2026-08-17,AED,NGN,middle,367.2848
2026-08-17,AED,NGN,sell,367.421
2026-08-17,CHF,NGN,buy,1666.5067
2026-08-17,CHF,NGN,middle,1667.1246
2026-08-17,CHF,NGN,sell,1667.7425
2026-08-17,CNY,NGN,buy,200.0441
2026-08-17,CNY,NGN,middle,200.1183
2026-08-17,CNY,NGN,sell,200.1924
2026-08-17,DKK,NGN,buy,209.1112
2026-08-17,DKK,NGN,middle,209.1887
2026-08-17,DKK,NGN,sell,209.2663
2026-08-17,EUR,NGN,buy,1563.6289
2026-08-17,EUR,NGN,middle,1564.2087
2026-08-17,EUR,NGN,sell,1564.7884
2026-08-17,GBP,NGN,buy,1828.7513
2026-08-17,GBP,NGN,middle,1829.4294
2026-08-17,GBP,NGN,sell,1830.1074
2026-08-17,JPY,NGN,buy,8.4659
2026-08-17,JPY,NGN,middle,8.4691
2026-08-17,JPY,NGN,sell,8.4722
2026-08-17,SAR,NGN,buy,359.1693
2026-08-17,SAR,NGN,middle,359.3025
2026-08-17,SAR,NGN,sell,359.4357
2026-08-17,USD,NGN,buy,1348.5372
2026-08-17,USD,NGN,middle,1349.0372
2026-08-17,USD,NGN,sell,1349.5372
2026-08-17,XDR,NGN,buy,1845.6081
2026-08-17,XDR,NGN,middle,1846.2924
2026-08-17,XDR,NGN,sell,1846.9767
2026-08-17,XOF,NGN,buy,2.3731
2026-08-17,XOF,NGN,middle,2.3831
2026-08-17,XOF,NGN,sell,2.3931
2026-08-17,XUA,NGN,buy,1853.8066
2026-08-17,XUA,NGN,middle,1854.494
2026-08-17,XUA,NGN,sell,1855.1813
2026-08-17,ZAR,NGN,buy,83.2456
2026-08-17,ZAR,NGN,middle,83.2765
2026-08-17,ZAR,NGN,sell,83.3073
2026-08-18,AED,NGN,buy,365.476
2026-08-18,AED,NGN,middle,365.6121
2026-08-18,AED,NGN,sell,365.7482
2026-08-18,CHF,NGN,buy,1653.7146
2026-08-18,CHF,NGN,middle,1654.3306
2026-08-18,CHF,NGN,sell,1654.9466
2026-08-18,CNY,NGN,buy,199.0746
2026-08-18,CNY,NGN,middle,199.1487
2026-08-18,CNY,NGN,sell,199.2229
2026-08-18,DKK,NGN,buy,207.9794
2026-08-18,DKK,NGN,middle,208.0569
2026-08-18,DKK,NGN,sell,208.1344
2026-08-18,EUR,NGN,buy,1555.0779
2026-08-18,EUR,NGN,middle,1555.6571
2026-08-18,EUR,NGN,sell,1556.2364
2026-08-18,GBP,NGN,buy,1817.9042
2026-08-18,GBP,NGN,middle,1818.5813
2026-08-18,GBP,NGN,sell,1819.2585
2026-08-18,JPY,NGN,buy,8.4116
2026-08-18,JPY,NGN,middle,8.4147
2026-08-18,JPY,NGN,sell,8.4178
2026-08-18,SAR,NGN,buy,357.5135
2026-08-18,SAR,NGN,middle,357.6467
2026-08-18,SAR,NGN,sell,357.7798
2026-08-18,USD,NGN,buy,1342.3202
2026-08-18,USD,NGN,middle,1342.8202
2026-08-18,USD,NGN,sell,1343.3202
2026-08-18,XDR,NGN,buy,1835.4886
2026-08-18,XDR,NGN,middle,1836.1723
2026-08-18,XDR,NGN,sell,1836.856
2026-08-18,XOF,NGN,buy,2.3642
2026-08-18,XOF,NGN,middle,2.3742
2026-08-18,XOF,NGN,sell,2.3842
2026-08-18,XUA,NGN,buy,1844.9179
2026-08-18,XUA,NGN,middle,1845.6051
2026-08-18,XUA,NGN,sell,1846.2923
2026-08-18,ZAR,NGN,buy,82.8168
2026-08-18,ZAR,NGN,middle,82.8477
2026-08-18,ZAR,NGN,sell,82.8785
2026-08-19,AED,NGN,buy,367.3773
2026-08-19,AED,NGN,middle,367.5134
2026-08-19,AED,NGN,sell,367.6495
2026-08-19,CHF,NGN,buy,1680.6743
2026-08-19,CHF,NGN,middle,1681.297
2026-08-19,CHF,NGN,sell,1681.9198
2026-08-19,CNY,NGN,buy,200.4655
2026-08-19,CNY,NGN,middle,200.5398
2026-08-19,CNY,NGN,sell,200.614
2026-08-19,DKK,NGN,buy,210.4053
2026-08-19,DKK,NGN,middle,210.4833
2026-08-19,DKK,NGN,sell,210.5612
2026-08-19,EUR,NGN,buy,1573.1461
2026-08-19,EUR,NGN,middle,1573.729
2026-08-19,EUR,NGN,sell,1574.3119
2026-08-19,GBP,NGN,buy,1837.7661
2026-08-19,GBP,NGN,middle,1838.4471
2026-08-19,GBP,NGN,sell,1839.128
2026-08-19,JPY,NGN,buy,8.5158
2026-08-19,JPY,NGN,middle,8.519
2026-08-19,JPY,NGN,sell,8.5221
2026-08-19,SAR,NGN,buy,359.3836
2026-08-19,SAR,NGN,middle,359.5167
2026-08-19,SAR,NGN,sell,359.6499
2026-08-19,USD,NGN,buy,1349.4134
2026-08-19,USD,NGN,middle,1349.9134
2026-08-19,USD,NGN,sell,1350.4134
2026-08-19,XDR,NGN,buy,1847.7518
2026-08-19,XDR,NGN,middle,1848.4364
2026-08-19,XDR,NGN,sell,1849.1211
2026-08-19,XOF,NGN,buy,2.3497
2026-08-19,XOF,NGN,middle,2.3597
2026-08-19,XOF,NGN,sell,2.3697
2026-08-19,XUA,NGN,buy,1834.8529
2026-08-19,XUA,NGN,middle,1835.5327
2026-08-19,XUA,NGN,sell,1836.2126
2026-08-19,ZAR,NGN,buy,83.6503
2026-08-19,ZAR,NGN,middle,83.6813
2026-08-19,ZAR,NGN,sell,83.7123
2026-08-20,AED,NGN,buy,366.649
2026-08-20,AED,NGN,middle,366.7851
2026-08-20,AED,NGN,sell,366.9213
2026-08-20,CHF,NGN,buy,1686.4476
2026-08-20,CHF,NGN,middle,1687.0738
2026-08-20,CHF,NGN,sell,1687.6999
2026-08-20,CNY,NGN,buy,200.2749
2026-08-20,CNY,NGN,middle,200.3493
2026-08-20,CNY,NGN,sell,200.4236
2026-08-20,DKK,NGN,buy,210.4765
2026-08-20,DKK,NGN,middle,210.5546
2026-08-20,DKK,NGN,sell,210.6328
2026-08-20,EUR,NGN,buy,1573.8046
2026-08-20,EUR,NGN,middle,1574.389
2026-08-20,EUR,NGN,sell,1574.9733
2026-08-20,GBP,NGN,buy,1837.3398
2026-08-20,GBP,NGN,middle,1838.022
2026-08-20,GBP,NGN,sell,1838.7042
2026-08-20,JPY,NGN,buy,8.4875
2026-08-20,JPY,NGN,middle,8.4907
2026-08-20,JPY,NGN,sell,8.4938
2026-08-20,SAR,NGN,buy,358.6418
2026-08-20,SAR,NGN,middle,358.775
2026-08-20,SAR,NGN,sell,358.9082
2026-08-20,USD,NGN,buy,1346.6284
2026-08-20,USD,NGN,middle,1347.1284
2026-08-20,USD,NGN,sell,1347.6284
2026-08-20,XDR,NGN,buy,1850.2674
2026-08-20,XDR,NGN,middle,1850.9544
2026-08-20,XDR,NGN,sell,1851.6414
2026-08-20,XOF,NGN,buy,2.3682
2026-08-20,XOF,NGN,middle,2.3782
2026-08-20,XOF,NGN,sell,2.3882
2026-08-20,XUA,NGN,buy,1847.0378
2026-08-20,XUA,NGN,middle,1847.7236
2026-08-20,XUA,NGN,sell,1848.4094
2026-08-20,ZAR,NGN,buy,83.2897
2026-08-20,ZAR,NGN,middle,83.3207
2026-08-20,ZAR,NGN,sell,83.3516
2026-08-21,AED,NGN,buy,366.3494
2026-08-21,AED,NGN,middle,366.4855
2026-08-21,AED,NGN,sell,366.6216
2026-08-21,CHF,NGN,buy,1681.0236
2026-08-21,CHF,NGN,middle,1681.6483
2026-08-21,CHF,NGN,sell,1682.273
2026-08-21,CNY,NGN,buy,200.1921
2026-08-21,CNY,NGN,middle,200.2665
2026-08-21,CNY,NGN,sell,200.3409
2026-08-21,DKK,NGN,buy,210.2232
2026-08-21,DKK,NGN,middle,210.3013
2026-08-21,DKK,NGN,sell,210.3794
2026-08-21,EUR,NGN,buy,1571.9375
2026-08-21,EUR,NGN,middle,1572.5217
2026-08-21,EUR,NGN,sell,1573.1058
2026-08-21,GBP,NGN,buy,1835.3847
2026-08-21,GBP,NGN,middle,1836.0668
2026-08-21,GBP,NGN,sell,1836.7488
2026-08-21,JPY,NGN,buy,8.4718
2026-08-21,JPY,NGN,middle,8.4749
2026-08-21,JPY,NGN,sell,8.4781
2026-08-21,SAR,NGN,buy,358.3486
2026-08-21,SAR,NGN,middle,358.4817
2026-08-21,SAR,NGN,sell,358.6149
2026-08-21,USD,NGN,buy,1345.4913
2026-08-21,USD,NGN,middle,1345.9913
2026-08-21,USD,NGN,sell,1346.4913
2026-08-21,XDR,NGN,buy,1849.1087
2026-08-21,XDR,NGN,middle,1849.7959
2026-08-21,XDR,NGN,sell,1850.483
2026-08-21,XOF,NGN,buy,2.3682
2026-08-21,XOF,NGN,middle,2.3782
2026-08-21,XOF,NGN,sell,2.3882
2026-08-21,XUA,NGN,buy,1847.0366
2026-08-21,XUA,NGN,middle,1847.723
2026-08-21,XUA,NGN,sell,1848.4094
2026-08-21,ZAR,NGN,buy,83.9416
2026-08-21,ZAR,NGN,middle,83.9728
2026-08-21,ZAR,NGN,sell,84.004
2026-08-24,AED,NGN,buy,366.4414
2026-08-24,AED,NGN,middle,366.5775
2026-08-24,AED,NGN,sell,366.7137
2026-08-24,CHF,NGN,buy,1677.6468
2026-08-24,CHF,NGN,middle,1678.27
2026-08-24,CHF,NGN,sell,1678.8932
2026-08-24,CNY,NGN,buy,200.2196
2026-08-24,CNY,NGN,middle,200.2939
2026-08-24,CNY,NGN,sell,200.3683
2026-08-24,DKK,NGN,buy,210.0069
2026-08-24,DKK,NGN,middle,210.0849
2026-08-24,DKK,NGN,sell,210.1629
2026-08-24,EUR,NGN,buy,1570.3502
2026-08-24,EUR,NGN,middle,1570.9335
2026-08-24,EUR,NGN,sell,1571.5169
2026-08-24,GBP,NGN,buy,1836.1804
2026-08-24,GBP,NGN,middle,1836.8625
2026-08-24,GBP,NGN,sell,1837.5446
2026-08-24,JPY,NGN,buy,8.4583
2026-08-24,JPY,NGN,middle,8.4615
2026-08-24,JPY,NGN,sell,8.4646
2026-08-24,SAR,NGN,buy,358.4681
2026-08-24,SAR,NGN,middle,358.6013
2026-08-24,SAR,NGN,sell,358.7344
2026-08-24,USD,NGN,buy,1345.976
2026-08-24,USD,NGN,middle,1346.476
2026-08-24,USD,NGN,sell,1346.976
2026-08-24,XDR,NGN,buy,1847.0829
2026-08-24,XDR,NGN,middle,1847.769
2026-08-24,XDR,NGN,sell,1848.4552
2026-08-24,XOF,NGN,buy,2.3769
2026-08-24,XOF,NGN,middle,2.3869
2026-08-24,XOF,NGN,sell,2.3969
2026-08-24,XUA,NGN,buy,1848.0594
2026-08-24,XUA,NGN,middle,1848.7459
2026-08-24,XUA,NGN,sell,1849.4324
2026-08-24,ZAR,NGN,buy,84.0484
2026-08-24,ZAR,NGN,middle,84.0796
2026-08-24,ZAR,NGN,sell,84.1108
2026-08-26,AED,NGN,buy,365.5506
2026-08-26,AED,NGN,middle,365.6868
2026-08-26,AED,NGN,sell,365.8229
2026-08-26,CHF,NGN,buy,1667.1977
2026-08-26,CHF,NGN,middle,1667.8186
2026-08-26,CHF,NGN,sell,1668.4395
2026-08-26,CNY,NGN,buy,199.7225
2026-08-26,CNY,NGN,middle,199.7968
2026-08-26,CNY,NGN,sell,199.8712
2026-08-26,DKK,NGN,buy,209.3062
2026-08-26,DKK,NGN,middle,209.3841
2026-08-26,DKK,NGN,sell,209.4621
2026-08-26,EUR,NGN,buy,1564.928
2026-08-26,EUR,NGN,middle,1565.5108
2026-08-26,EUR,NGN,sell,1566.0936
2026-08-26,GBP,NGN,buy,1826.5996
2026-08-26,GBP,NGN,middle,1827.2798
2026-08-26,GBP,NGN,sell,1827.9601
2026-08-26,JPY,NGN,buy,8.4239
2026-08-26,JPY,NGN,middle,8.427
2026-08-26,JPY,NGN,sell,8.4301
2026-08-26,SAR,NGN,buy,357.577
2026-08-26,SAR,NGN,middle,357.7102
2026-08-26,SAR,NGN,sell,357.8433
2026-08-26,USD,NGN,buy,1342.5943
2026-08-26,USD,NGN,middle,1343.0943
2026-08-26,USD,NGN,sell,1343.5943
2026-08-26,XDR,NGN,buy,1842.4422
2026-08-26,XDR,NGN,middle,1843.1284
2026-08-26,XDR,NGN,sell,1843.8145
2026-08-26,XOF,NGN,buy,2.3738
2026-08-26,XOF,NGN,middle,2.3838
2026-08-26,XOF,NGN,sell,2.3938
2026-08-26,XUA,NGN,buy,1846.488
2026-08-26,XUA,NGN,middle,1847.1756
2026-08-26,XUA,NGN,sell,1847.8633
2026-08-26,ZAR,NGN,buy,84.0972
2026-08-26,ZAR,NGN,middle,84.1285
2026-08-26,ZAR,NGN,sell,84.1598
2026-08-27,AED,NGN,buy,364.1475
2026-08-27,AED,NGN,middle,364.2836
2026-08-27,AED,NGN,sell,364.4197
2026-08-27,CHF,NGN,buy,1663.6649
2026-08-27,CHF,NGN,middle,1664.2867
2026-08-27,CHF,NGN,sell,1664.9086
2026-08-27,CNY,NGN,buy,199.0367
2026-08-27,CNY,NGN,middle,199.1111
2026-08-27,CNY,NGN,sell,199.1855
2026-08-27,DKK,NGN,buy,208.532
2026-08-27,DKK,NGN,middle,208.6099
2026-08-27,DKK,NGN,sell,208.6879
2026-08-27,EUR,NGN,buy,1558.9571
2026-08-27,EUR,NGN,middle,1559.5399
2026-08-27,EUR,NGN,sell,1560.1226
2026-08-27,GBP,NGN,buy,1818.9839
2026-08-27,GBP,NGN,middle,1819.6639
2026-08-27,GBP,NGN,sell,1820.3438
2026-08-27,JPY,NGN,buy,8.3914
2026-08-27,JPY,NGN,middle,8.3945
2026-08-27,JPY,NGN,sell,8.3977
2026-08-27,SAR,NGN,buy,356.2433
2026-08-27,SAR,NGN,middle,356.3764
2026-08-27,SAR,NGN,sell,356.5096
2026-08-27,USD,NGN,buy,1337.5865
2026-08-27,USD,NGN,middle,1338.0865
2026-08-27,USD,NGN,sell,1338.5865
2026-08-27,XDR,NGN,buy,1833.6974
2026-08-27,XDR,NGN,middle,1834.3828
2026-08-27,XDR,NGN,sell,1835.0683
2026-08-27,XOF,NGN,buy,2.3693
2026-08-27,XOF,NGN,middle,2.3793
2026-08-27,XOF,NGN,sell,2.3893
2026-08-27,XUA,NGN,buy,1841.7916
2026-08-27,XUA,NGN,middle,1842.4801
2026-08-27,XUA,NGN,sell,1843.1686
2026-08-27,ZAR,NGN,buy,83.6525
2026-08-27,ZAR,NGN,middle,83.6838
2026-08-27,ZAR,NGN,sell,83.715
2026-08-28,AED,NGN,buy,363.7938
2026-08-28,AED,NGN,middle,363.9299
2026-08-28,AED,NGN,sell,364.066
2026-08-28,CHF,NGN,buy,1660.8095
2026-08-28,CHF,NGN,middle,1661.4309
2026-08-28,CHF,NGN,sell,1662.0524
2026-08-28,CNY,NGN,buy,198.8227
2026-08-28,CNY,NGN,middle,198.8971
2026-08-28,CNY,NGN,sell,198.9715
2026-08-28,DKK,NGN,buy,208.0926
2026-08-28,DKK,NGN,middle,208.1704
2026-08-28,DKK,NGN,sell,208.2483
2026-08-28,EUR,NGN,buy,1555.7057
2026-08-28,EUR,NGN,middle,1556.2878
2026-08-28,EUR,NGN,sell,1556.8699
2026-08-28,GBP,NGN,buy,1814.6782
2026-08-28,GBP,NGN,middle,1815.3572
2026-08-28,GBP,NGN,sell,1816.0362
2026-08-28,JPY,NGN,buy,8.3712
2026-08-28,JPY,NGN,middle,8.3743
2026-08-28,JPY,NGN,sell,8.3774
2026-08-28,SAR,NGN,buy,355.9067
2026-08-28,SAR,NGN,middle,356.0399
2026-08-28,SAR,NGN,sell,356.1731
2026-08-28,USD,NGN,buy,1336.2873
2026-08-28,USD,NGN,middle,1336.7873
2026-08-28,USD,NGN,sell,1337.2873
2026-08-28,XDR,NGN,buy,1832.4508
2026-08-28,XDR,NGN,middle,1833.1365
2026-08-28,XDR,NGN,sell,1833.8221
2026-08-28,XOF,NGN,buy,2.3555
2026-08-28,XOF,NGN,middle,2.3655
2026-08-28,XOF,NGN,sell,2.3755
2026-08-28,XUA,NGN,buy,1833.0512
2026-08-28,XUA,NGN,middle,1833.737
2026-08-28,XUA,NGN,sell,1834.4229
2026-08-28,ZAR,NGN,buy,83.3627
2026-08-28,ZAR,NGN,middle,83.3939
2026-08-28,ZAR,NGN,sell,83.4251
2026-08-31,AED,NGN,buy,362.6398
2026-08-31,AED,NGN,middle,362.7759
2026-08-31,AED,NGN,sell,362.912
2026-08-31,CHF,NGN,buy,1646.606
2026-08-31,CHF,NGN,middle,1647.2241
2026-08-31,CHF,NGN,sell,1647.8422
2026-08-31,CNY,NGN,buy,198.2112
2026-08-31,CNY,NGN,middle,198.2856
2026-08-31,CNY,NGN,sell,198.36
2026-08-31,DKK,NGN,buy,206.6016
2026-08-31,DKK,NGN,middle,206.6791
2026-08-31,DKK,NGN,sell,206.7567
2026-08-31,EUR,NGN,buy,1544.6503
2026-08-31,EUR,NGN,middle,1545.2302
2026-08-31,EUR,NGN,sell,1545.81
2026-08-31,GBP,NGN,buy,1804.2454
2026-08-31,GBP,NGN,middle,1804.9227
2026-08-31,GBP,NGN,sell,1805.6
2026-08-31,JPY,NGN,buy,8.3298
2026-08-31,JPY,NGN,middle,8.333
2026-08-31,JPY,NGN,sell,8.3361
2026-08-31,SAR,NGN,buy,354.7393
2026-08-31,SAR,NGN,middle,354.8725
2026-08-31,SAR,NGN,sell,355.0056
2026-08-31,USD,NGN,buy,1331.9396
2026-08-31,USD,NGN,middle,1332.4396
2026-08-31,USD,NGN,sell,1332.9396
2026-08-31,XDR,NGN,buy,1826.4888
2026-08-31,XDR,NGN,middle,1827.1744
2026-08-31,XDR,NGN,sell,1827.8601
2026-08-31,XOF,NGN,buy,2.3528
2026-08-31,XOF,NGN,middle,2.3628
2026-08-31,XOF,NGN,sell,2.3728
2026-08-31,XUA,NGN,buy,1831.7345
2026-08-31,XUA,NGN,middle,1832.4221
2026-08-31,XUA,NGN,sell,1833.1097
2026-08-31,ZAR,NGN,buy,82.4399
2026-08-31,ZAR,NGN,middle,82.4708
2026-08-31,ZAR,NGN,sell,82.5018
2026-09-01,AED,NGN,buy,361.6842
2026-09-01,AED,NGN,middle,361.8203
2026-09-01,AED,NGN,sell,361.9565
2026-09-01,CHF,NGN,buy,1636.4005
2026-09-01,CHF,NGN,middle,1637.0165
2026-09-01,CHF,NGN,sell,1637.6324
2026-09-01,CNY,NGN,buy,197.6419
2026-09-01,CNY,NGN,middle,197.7162
2026-09-01,CNY,NGN,sell,197.7906
2026-09-01,DKK,NGN,buy,206.1051
2026-09-01,DKK,NGN,middle,206.1827
2026-09-01,DKK,NGN,sell,206.2603
2026-09-01,EUR,NGN,buy,1540.8459
2026-09-01,EUR,NGN,middle,1541.4259
2026-09-01,EUR,NGN,sell,1542.0058
2026-09-01,GBP,NGN,buy,1798.827
2026-09-01,GBP,NGN,middle,1799.5041
2026-09-01,GBP,NGN,sell,1800.1811
2026-09-01,JPY,NGN,buy,8.3001
2026-09-01,JPY,NGN,middle,8.3032
2026-09-01,JPY,NGN,sell,8.3063
2026-09-01,SAR,NGN,buy,353.814
2026-09-01,SAR,NGN,middle,353.9471
2026-09-01,SAR,NGN,sell,354.0803
2026-09-01,USD,NGN,buy,1328.43
2026-09-01,USD,NGN,middle,1328.93
2026-09-01,USD,NGN,sell,1329.43
2026-09-01,XDR,NGN,buy,1817.8236
2026-09-01,XDR,NGN,middle,1818.5078
2026-09-01,XDR,NGN,sell,1819.192
2026-09-01,XOF,NGN,buy,2.3355
2026-09-01,XOF,NGN,middle,2.3455
2026-09-01,XOF,NGN,sell,2.3555
2026-09-01,XUA,NGN,buy,1822.5779
2026-09-01,XUA,NGN,middle,1823.2639
2026-09-01,XUA,NGN,sell,1823.9499
2026-09-01,ZAR,NGN,buy,82.4073
2026-09-01,ZAR,NGN,middle,82.4383
2026-09-01,ZAR,NGN,sell,82.4693
2026-09-02,AED,NGN,buy,360.9175
2026-09-02,AED,NGN,middle,361.0537
2026-09-02,AED,NGN,sell,361.1898
2026-09-02,CHF,NGN,buy,1629.2076
2026-09-02,CHF,NGN,middle,1629.822
2026-09-02,CHF,NGN,sell,1630.4365
2026-09-02,CNY,NGN,buy,197.2718
2026-09-02,CNY,NGN,middle,197.3462
2026-09-02,CNY,NGN,sell,197.4206
2026-09-02,DKK,NGN,buy,205.5327
2026-09-02,DKK,NGN,middle,205.6103
2026-09-02,DKK,NGN,sell,205.6878
2026-09-02,EUR,NGN,buy,1537.2657
2026-09-02,EUR,NGN,middle,1537.8455
2026-09-02,EUR,NGN,sell,1538.4253
2026-09-02,GBP,NGN,buy,1789.8089
2026-09-02,GBP,NGN,middle,1790.484
2026-09-02,GBP,NGN,sell,1791.159
2026-09-02,JPY,NGN,buy,8.3413
2026-09-02,JPY,NGN,middle,8.3445
2026-09-02,JPY,NGN,sell,8.3476
2026-09-02,SAR,NGN,buy,353.0362
2026-09-02,SAR,NGN,middle,353.1693
2026-09-02,SAR,NGN,sell,353.3025
2026-09-02,USD,NGN,buy,1325.6862
2026-09-02,USD,NGN,middle,1326.1862
2026-09-02,USD,NGN,sell,1326.6862
2026-09-02,XDR,NGN,buy,1812.7433
2026-09-02,XDR,NGN,middle,1813.427
2026-09-02,XDR,NGN,sell,1814.1107
2026-09-02,XOF,NGN,buy,2.3281
2026-09-02,XOF,NGN,middle,2.3381
2026-09-02,XOF,NGN,sell,2.3481
2026-09-02,XUA,NGN,buy,1817.084
2026-09-02,XUA,NGN,middle,1817.7694
2026-09-02,XUA,NGN,sell,1818.4547
2026-09-02,ZAR,NGN,buy,82.5844
2026-09-02,ZAR,NGN,middle,82.6156
2026-09-02,ZAR,NGN,sell,82.6467
2026-09-03,AED,NGN,buy,357.9481
2026-09-03,AED,NGN,middle,358.0842
2026-09-03,AED,NGN,sell,358.2203
2026-09-03,CHF,NGN,buy,1628.6815
2026-09-03,CHF,NGN,middle,1629.3009
2026-09-03,CHF,NGN,sell,1629.9203
2026-09-03,CNY,NGN,buy,195.6648
2026-09-03,CNY,NGN,middle,195.7392
2026-09-03,CNY,NGN,sell,195.8136
2026-09-03,DKK,NGN,buy,204.4686
2026-09-03,DKK,NGN,middle,204.5464
2026-09-03,DKK,NGN,sell,204.6241
2026-09-03,EUR,NGN,buy,1528.4373
2026-09-03,EUR,NGN,middle,1529.0186
2026-09-03,EUR,NGN,sell,1529.5999
2026-09-03,GBP,NGN,buy,1777.3047
2026-09-03,GBP,NGN,middle,1777.9806
2026-09-03,GBP,NGN,sell,1778.6566
2026-09-03,JPY,NGN,buy,8.4496
2026-09-03,JPY,NGN,middle,8.4528
2026-09-03,JPY,NGN,sell,8.456
2026-09-03,SAR,NGN,buy,350.103
2026-09-03,SAR,NGN,middle,350.2361
2026-09-03,SAR,NGN,sell,350.3693
2026-09-03,USD,NGN,buy,1314.6717
2026-09-03,USD,NGN,middle,1315.1717
2026-09-03,USD,NGN,sell,1315.6717
2026-09-03,XDR,NGN,buy,1801.9285
2026-09-03,XDR,NGN,middle,1802.6138
2026-09-03,XDR,NGN,sell,1803.2991
2026-09-03,XOF,NGN,buy,2.3281
2026-09-03,XOF,NGN,middle,2.3381
2026-09-03,XOF,NGN,sell,2.3481
2026-09-03,XUA,NGN,buy,1817.0726
2026-09-03,XUA,NGN,middle,1817.7636
2026-09-03,XUA,NGN,sell,1818.4547
2026-09-03,ZAR,NGN,buy,82.2564
2026-09-03,ZAR,NGN,middle,82.2877
2026-09-03,ZAR,NGN,sell,82.319
2026-09-04,AED,NGN,buy,359.4283
2026-09-04,AED,NGN,middle,359.5644
2026-09-04,AED,NGN,sell,359.7005
2026-09-04,CHF,NGN,buy,1630.2988
2026-09-04,CHF,NGN,middle,1630.9163
2026-09-04,CHF,NGN,sell,1631.5337
2026-09-04,CNY,NGN,buy,196.7242
2026-09-04,CNY,NGN,middle,196.7987
2026-09-04,CNY,NGN,sell,196.8732
2026-09-04,DKK,NGN,buy,205.1426
2026-09-04,DKK,NGN,middle,205.2203
2026-09-04,DKK,NGN,sell,205.298
2026-09-04,EUR,NGN,buy,1533.6949
2026-09-04,EUR,NGN,middle,1534.2758
2026-09-04,EUR,NGN,sell,1534.8566
2026-09-04,GBP,NGN,buy,1784.668
2026-09-04,GBP,NGN,middle,1785.3439
2026-09-04,GBP,NGN,sell,1786.0198
2026-09-04,JPY,NGN,buy,8.4852
2026-09-04,JPY,NGN,middle,8.4884
2026-09-04,JPY,NGN,sell,8.4917
2026-09-04,SAR,NGN,buy,351.5701
2026-09-04,SAR,NGN,middle,351.7032
2026-09-04,SAR,NGN,sell,351.8364
2026-09-04,USD,NGN,buy,1320.216
2026-09-04,USD,NGN,middle,1320.716
2026-09-04,USD,NGN,sell,1321.216
2026-09-04,XDR,NGN,buy,1811.1911
2026-09-04,XDR,NGN,middle,1811.8771
2026-09-04,XDR,NGN,sell,1812.563
2026-09-04,XOF,NGN,buy,2.3281
2026-09-04,XOF,NGN,middle,2.3381
2026-09-04,XOF,NGN,sell,2.3481
2026-09-04,XUA,NGN,buy,1817.0784
2026-09-04,XUA,NGN,middle,1817.7665
2026-09-04,XUA,NGN,sell,1818.4547
2026-09-04,ZAR,NGN,buy,82.7301
2026-09-04,ZAR,NGN,middle,82.7615
2026-09-04,ZAR,NGN,sell,82.7928
2026-09-07,AED,NGN,buy,359.2881
2026-09-07,AED,NGN,middle,359.4242
2026-09-07,AED,NGN,sell,359.5604
2026-09-07,CHF,NGN,buy,1631.0969
2026-09-07,CHF,NGN,middle,1631.715
2026-09-07,CHF,NGN,sell,1632.333
2026-09-07,CNY,NGN,buy,196.626
2026-09-07,CNY,NGN,middle,196.7006
2026-09-07,CNY,NGN,sell,196.7751
2026-09-07,DKK,NGN,buy,205.2221
2026-09-07,DKK,NGN,middle,205.2998
2026-09-07,DKK,NGN,sell,205.3776
2026-09-07,EUR,NGN,buy,1534.2494
2026-09-07,EUR,NGN,middle,1534.8307
2026-09-07,EUR,NGN,sell,1535.4121
2026-09-07,GBP,NGN,buy,1786.8127
2026-09-07,GBP,NGN,middle,1787.4897
2026-09-07,GBP,NGN,sell,1788.1668
2026-09-07,JPY,NGN,buy,8.5475
2026-09-07,JPY,NGN,middle,8.5507
2026-09-07,JPY,NGN,sell,8.5539
2026-09-07,SAR,NGN,buy,351.376
2026-09-07,SAR,NGN,middle,351.5091
2026-09-07,SAR,NGN,sell,351.6423
2026-09-07,USD,NGN,buy,1319.5574
2026-09-07,USD,NGN,middle,1320.0574
2026-09-07,USD,NGN,sell,1320.5574
2026-09-07,XDR,NGN,buy,1810.2876
2026-09-07,XDR,NGN,middle,1810.9735
2026-09-07,XDR,NGN,sell,1811.6595
2026-09-07,XOF,NGN,buy,2.3281
2026-09-07,XOF,NGN,middle,2.3381
2026-09-07,XOF,NGN,sell,2.3481
2026-09-07,XUA,NGN,buy,1817.0777
2026-09-07,XUA,NGN,middle,1817.7662
2026-09-07,XUA,NGN,sell,1818.4547
2026-09-07,ZAR,NGN,buy,82.5606
2026-09-07,ZAR,NGN,middle,82.5919
2026-09-07,ZAR,NGN,sell,82.6231
2026-09-08,AED,NGN,buy,359.1547
2026-09-08,AED,NGN,middle,359.2908
2026-09-08,AED,NGN,sell,359.4269
2026-09-08,CHF,NGN,buy,1629.7059
2026-09-08,CHF,NGN,middle,1630.3236
2026-09-08,CHF,NGN,sell,1630.9412
2026-09-08,CNY,NGN,buy,196.5915
2026-09-08,CNY,NGN,middle,196.666
2026-09-08,CNY,NGN,sell,196.7405
2026-09-08,DKK,NGN,buy,205.11
2026-09-08,DKK,NGN,middle,205.1877
2026-09-08,DKK,NGN,sell,205.2655
2026-09-08,EUR,NGN,buy,1533.3607
2026-09-08,EUR,NGN,middle,1533.9418
2026-09-08,EUR,NGN,sell,1534.523
2026-09-08,GBP,NGN,buy,1788.503
2026-09-08,GBP,NGN,middle,1789.1809
2026-09-08,GBP,NGN,sell,1789.8587
2026-09-08,JPY,NGN,buy,8.5749
2026-09-08,JPY,NGN,middle,8.5781
2026-09-08,JPY,NGN,sell,8.5814
2026-09-08,SAR,NGN,buy,351.312
2026-09-08,SAR,NGN,middle,351.4452
2026-09-08,SAR,NGN,sell,351.5783
2026-09-08,USD,NGN,buy,1319.2469
2026-09-08,USD,NGN,middle,1319.7469
2026-09-08,USD,NGN,sell,1320.2469
2026-09-08,XDR,NGN,buy,1810.8907
2026-09-08,XDR,NGN,middle,1811.577
2026-09-08,XDR,NGN,sell,1812.2633
2026-09-08,XOF,NGN,buy,2.3188
2026-09-08,XOF,NGN,middle,2.3288
2026-09-08,XOF,NGN,sell,2.3388
2026-09-08,XUA,NGN,buy,1809.6018
2026-09-08,XUA,NGN,middle,1810.2877
2026-09-08,XUA,NGN,sell,1810.9735
2026-09-08,ZAR,NGN,buy,82.4576
2026-09-08,ZAR,NGN,middle,82.4888
2026-09-08,ZAR,NGN,sell,82.5201
2026-09-09,AED,NGN,buy,361.635
2026-09-09,AED,NGN,middle,361.7711
2026-09-09,AED,NGN,sell,361.9072
2026-09-09,CHF,NGN,buy,1644.2348
2026-09-09,CHF,NGN,middle,1644.8538
2026-09-09,CHF,NGN,sell,1645.4728
2026-09-09,CNY,NGN,buy,198.0073
2026-09-09,CNY,NGN,middle,198.0818
2026-09-09,CNY,NGN,sell,198.1563
2026-09-09,DKK,NGN,buy,206.9512
2026-09-09,DKK,NGN,middle,207.0291
2026-09-09,DKK,NGN,sell,207.107
2026-09-09,EUR,NGN,buy,1547.1024
2026-09-09,EUR,NGN,middle,1547.6848
2026-09-09,EUR,NGN,sell,1548.2672
2026-09-09,GBP,NGN,buy,1800.791
2026-09-09,GBP,NGN,middle,1801.4689
2026-09-09,GBP,NGN,sell,1802.1468
2026-09-09,JPY,NGN,buy,8.6664
2026-09-09,JPY,NGN,middle,8.6697
2026-09-09,JPY,NGN,sell,8.6729
2026-09-09,SAR,NGN,buy,353.7185
2026-09-09,SAR,NGN,middle,353.8516
2026-09-09,SAR,NGN,sell,353.9848
2026-09-09,USD,NGN,buy,1328.2129
2026-09-09,USD,NGN,middle,1328.7129
2026-09-09,USD,NGN,sell,1329.2129
2026-09-09,XDR,NGN,buy,1824.8051
2026-09-09,XDR,NGN,middle,1825.4921
2026-09-09,XDR,NGN,sell,1826.179
2026-09-09,XOF,NGN,buy,2.3167
2026-09-09,XOF,NGN,middle,2.3267
2026-09-09,XOF,NGN,sell,2.3367
2026-09-09,XUA,NGN,buy,1810.2141
2026-09-09,XUA,NGN,middle,1810.8956
2026-09-09,XUA,NGN,sell,1811.577
2026-09-09,ZAR,NGN,buy,82.9107
2026-09-09,ZAR,NGN,middle,82.9419
2026-09-09,ZAR,NGN,sell,82.9731
2026-09-10,AED,NGN,buy,361.3634
2026-09-10,AED,NGN,middle,361.4995
2026-09-10,AED,NGN,sell,361.6356
2026-09-10,CHF,NGN,buy,1631.6885
2026-09-10,CHF,NGN,middle,1632.3032
2026-09-10,CHF,NGN,sell,1632.9179
2026-09-10,CNY,NGN,buy,197.9028
2026-09-10,CNY,NGN,middle,197.9774
2026-09-10,CNY,NGN,sell,198.0519
2026-09-10,DKK,NGN,buy,205.9838
2026-09-10,DKK,NGN,middle,206.0614
2026-09-10,DKK,NGN,sell,206.139
2026-09-10,EUR,NGN,buy,1539.8353
2026-09-10,EUR,NGN,middle,1540.4154
2026-09-10,EUR,NGN,sell,1540.9955
2026-09-10,GBP,NGN,buy,1791.8735
2026-09-10,GBP,NGN,middle,1792.5486
2026-09-10,GBP,NGN,sell,1793.2236
2026-09-10,JPY,NGN,buy,8.6032
2026-09-10,JPY,NGN,middle,8.6064
2026-09-10,JPY,NGN,sell,8.6097
2026-09-10,SAR,NGN,buy,353.4528
2026-09-10,SAR,NGN,middle,353.586
2026-09-10,SAR,NGN,sell,353.7191
2026-09-10,USD,NGN,buy,1327.2154
2026-09-10,USD,NGN,middle,1327.7154
2026-09-10,USD,NGN,sell,1328.2154
2026-09-10,XDR,NGN,buy,1822.8905
2026-09-10,XDR,NGN,middle,1823.5773
2026-09-10,XDR,NGN,sell,1824.264
2026-09-10,XOF,NGN,buy,2.3223
2026-09-10,XOF,NGN,middle,2.3323
2026-09-10,XOF,NGN,sell,2.3423
2026-09-10,XUA,NGN,buy,1810.2131
2026-09-10,XUA,NGN,middle,1810.895
2026-09-10,XUA,NGN,sell,1811.577
2026-09-10,ZAR,NGN,buy,81.9603
2026-09-10,ZAR,NGN,middle,81.9911
2026-09-10,ZAR,NGN,sell,82.022
2026-09-11,AED,NGN,buy,360.8328
2026-09-11,AED,NGN,middle,360.9689
2026-09-11,AED,NGN,sell,361.105
2026-09-11,CHF,NGN,buy,1626.6035
2026-09-11,CHF,NGN,middle,1627.2171
2026-09-11,CHF,NGN,sell,1627.8307
2026-09-11,CNY,NGN,buy,197.588
2026-09-11,CNY,NGN,middle,197.6625
2026-09-11,CNY,NGN,sell,197.7371
2026-09-11,DKK,NGN,buy,205.8707
2026-09-11,DKK,NGN,middle,205.9484
2026-09-11,DKK,NGN,sell,206.026
2026-09-11,EUR,NGN,buy,1539.0603
2026-09-11,EUR,NGN,middle,1539.6409
2026-09-11,EUR,NGN,sell,1540.2214
2026-09-11,GBP,NGN,buy,1793.1624
2026-09-11,GBP,NGN,middle,1793.8388
2026-09-11,GBP,NGN,sell,1794.5152
2026-09-11,JPY,NGN,buy,8.6342
2026-09-11,JPY,NGN,middle,8.6374
2026-09-11,JPY,NGN,sell,8.6407
2026-09-11,SAR,NGN,buy,352.9353
2026-09-11,SAR,NGN,middle,353.0685
2026-09-11,SAR,NGN,sell,353.2016
2026-09-11,USD,NGN,buy,1325.5192
2026-09-11,USD,NGN,middle,1326.0192
2026-09-11,USD,NGN,sell,1326.5192
2026-09-11,XDR,NGN,buy,1818.4268
2026-09-11,XDR,NGN,middle,1819.1127
2026-09-11,XDR,NGN,sell,1819.7986
2026-09-11,XOF,NGN,buy,2.3157
2026-09-11,XOF,NGN,middle,2.3257
2026-09-11,XOF,NGN,sell,2.3357
2026-09-11,XUA,NGN,buy,1810.2113
2026-09-11,XUA,NGN,middle,1810.8942
2026-09-11,XUA,NGN,sell,1811.577
2026-09-11,ZAR,NGN,buy,82.1762
2026-09-11,ZAR,NGN,middle,82.2072
2026-09-11,ZAR,NGN,sell,82.2382
2026-09-14,AED,NGN,buy,360.8226
2026-09-14,AED,NGN,middle,360.9587
2026-09-14,AED,NGN,sell,361.0949
2026-09-14,CHF,NGN,buy,1619.7768
2026-09-14,CHF,NGN,middle,1620.3879
2026-09-14,CHF,NGN,sell,1620.999
2026-09-14,CNY,NGN,buy,197.5497
2026-09-14,CNY,NGN,middle,197.6242
2026-09-14,CNY,NGN,sell,197.6987
2026-09-14,DKK,NGN,buy,204.3957
2026-09-14,DKK,NGN,middle,204.4728
2026-09-14,DKK,NGN,sell,204.5499
2026-09-14,EUR,NGN,buy,1528.205
2026-09-14,EUR,NGN,middle,1528.7816
2026-09-14,EUR,NGN,sell,1529.3581
2026-09-14,GBP,NGN,buy,1784.7834
2026-09-14,GBP,NGN,middle,1785.4567
2026-09-14,GBP,NGN,sell,1786.1301
2026-09-14,JPY,NGN,buy,8.5564
2026-09-14,JPY,NGN,middle,8.5596
2026-09-14,JPY,NGN,sell,8.5629
2026-09-14,SAR,NGN,buy,352.8679
2026-09-14,SAR,NGN,middle,353.0011
2026-09-14,SAR,NGN,sell,353.1342
2026-09-14,USD,NGN,buy,1325.3014
2026-09-14,USD,NGN,middle,1325.8014
2026-09-14,USD,NGN,sell,1326.3014
2026-09-14,XDR,NGN,buy,1814.9605
2026-09-14,XDR,NGN,middle,1815.6452
2026-09-14,XDR,NGN,sell,1816.33
2026-09-14,XOF,NGN,buy,2.3136
2026-09-14,XOF,NGN,middle,2.3236
2026-09-14,XOF,NGN,sell,2.3336
2026-09-14,XUA,NGN,buy,1810.2111
2026-09-14,XUA,NGN,middle,1810.8941
2026-09-14,XUA,NGN,sell,1811.577
2026-09-14,ZAR,NGN,buy,81.1401
2026-09-14,ZAR,NGN,middle,81.1707
2026-09-14,ZAR,NGN,sell,81.2013
2026-09-15,AED,NGN,buy,361.6076
2026-09-15,AED,NGN,middle,361.7437
2026-09-15,AED,NGN,sell,361.8798
2026-09-15,CHF,NGN,buy,1621.473
2026-09-15,CHF,NGN,middle,1622.0834
2026-09-15,CHF,NGN,sell,1622.6938
2026-09-15,CNY,NGN,buy,197.8797
2026-09-15,CNY,NGN,middle,197.9542
2026-09-15,CNY,NGN,sell,198.0287
2026-09-15,DKK,NGN,buy,205.1448
2026-09-15,DKK,NGN,middle,205.222
2026-09-15,DKK,NGN,sell,205.2993
2026-09-15,EUR,NGN,buy,1533.6131
2026-09-15,EUR,NGN,middle,1534.1904
2026-09-15,EUR,NGN,sell,1534.7678
2026-09-15,GBP,NGN,buy,1792.3364
2026-09-15,GBP,NGN,middle,1793.0112
2026-09-15,GBP,NGN,sell,1793.6859
2026-09-15,JPY,NGN,buy,8.5731
2026-09-15,JPY,NGN,middle,8.5764
2026-09-15,JPY,NGN,sell,8.5796
2026-09-15,SAR,NGN,buy,353.5883
2026-09-15,SAR,NGN,middle,353.7214
2026-09-15,SAR,NGN,sell,353.8546
2026-09-15,USD,NGN,buy,1328.1485
2026-09-15,USD,NGN,middle,1328.6485
2026-09-15,USD,NGN,sell,1329.1485
2026-09-15,XDR,NGN,buy,1818.1689
2026-09-15,XDR,NGN,middle,1818.8534
2026-09-15,XDR,NGN,sell,1819.5378
2026-09-15,XOF,NGN,buy,2.3094
2026-09-15,XOF,NGN,middle,2.3194
2026-09-15,XOF,NGN,sell,2.3294
2026-09-15,XUA,NGN,buy,1810.214
2026-09-15,XUA,NGN,middle,1810.8955
2026-09-15,XUA,NGN,sell,1811.577
2026-09-15,ZAR,NGN,buy,81.7277
2026-09-15,ZAR,NGN,middle,81.7585
2026-09-15,ZAR,NGN,sell,81.7892
2026-09-16,AED,NGN,buy,361.8103
2026-09-16,AED,NGN,middle,361.9464
2026-09-16,AED,NGN,sell,362.0826
2026-09-16,CHF,NGN,buy,1622.3377
2026-09-16,CHF,NGN,middle,1622.9481
2026-09-16,CHF,NGN,sell,1623.5585
2026-09-16,CNY,NGN,buy,198.1151
2026-09-16,CNY,NGN,middle,198.1896
2026-09-16,CNY,NGN,sell,198.2642
2026-09-16,DKK,NGN,buy,205.0483
2026-09-16,DKK,NGN,middle,205.1255
2026-09-16,DKK,NGN,sell,205.2026
2026-09-16,EUR,NGN,buy,1533.1021
2026-09-16,EUR,NGN,middle,1533.6789
2026-09-16,EUR,NGN,sell,1534.2558
2026-09-16,GBP,NGN,buy,1787.8439
2026-09-16,GBP,NGN,middle,1788.5166
2026-09-16,GBP,NGN,sell,1789.1893
2026-09-16,JPY,NGN,buy,8.56
2026-09-16,JPY,NGN,middle,8.5632
2026-09-16,JPY,NGN,sell,8.5665
2026-09-16,SAR,NGN,buy,353.7769
2026-09-16,SAR,NGN,middle,353.91
2026-09-16,SAR,NGN,sell,354.0431
2026-09-16,USD,NGN,buy,1328.8568
2026-09-16,USD,NGN,middle,1329.3568
2026-09-16,USD,NGN,sell,1329.8568
2026-09-16,XDR,NGN,buy,1819.0721
2026-09-16,XDR,NGN,middle,1819.7565
2026-09-16,XDR,NGN,sell,1820.441
2026-09-16,XOF,NGN,buy,2.3172
2026-09-16,XOF,NGN,middle,2.3272
2026-09-16,XOF,NGN,sell,2.3372
2026-09-16,XUA,NGN,buy,1817.4823
2026-09-16,XUA,NGN,middle,1818.1661
2026-09-16,XUA,NGN,sell,1818.85
2026-09-16,ZAR,NGN,buy,81.505
2026-09-16,ZAR,NGN,middle,81.5356
2026-09-16,ZAR,NGN,sell,81.5663
2026-09-17,AED,NGN,buy,362.2178
2026-09-17,AED,NGN,middle,362.354
2026-09-17,AED,NGN,sell,362.4901
2026-09-17,CHF,NGN,buy,1615.203
2026-09-17,CHF,NGN,middle,1615.8101
2026-09-17,CHF,NGN,sell,1616.4172
2026-09-17,CNY,NGN,buy,198.3215
2026-09-17,CNY,NGN,middle,198.3961
2026-09-17,CNY,NGN,sell,198.4706
2026-09-17,DKK,NGN,buy,204.4291
2026-09-17,DKK,NGN,middle,204.5059
2026-09-17,DKK,NGN,sell,204.5827
2026-09-17,EUR,NGN,buy,1528.3601
2026-09-17,EUR,NGN,middle,1528.9345
2026-09-17,EUR,NGN,sell,1529.509
2026-09-17,GBP,NGN,buy,1778.985
2026-09-17,GBP,NGN,middle,1779.6537
2026-09-17,GBP,NGN,sell,1780.3223
2026-09-17,JPY,NGN,buy,8.5444
2026-09-17,JPY,NGN,middle,8.5476
2026-09-17,JPY,NGN,sell,8.5508
2026-09-17,SAR,NGN,buy,354.1184
2026-09-17,SAR,NGN,middle,354.2515
2026-09-17,SAR,NGN,sell,354.3846
2026-09-17,USD,NGN,buy,1330.2812
2026-09-17,USD,NGN,middle,1330.7812
2026-09-17,USD,NGN,sell,1331.2812
2026-09-17,XDR,NGN,buy,1816.8315
2026-09-17,XDR,NGN,middle,1817.5144
2026-09-17,XDR,NGN,sell,1818.1973
2026-09-17,XOF,NGN,buy,2.3181
2026-09-17,XOF,NGN,middle,2.3281
2026-09-17,XOF,NGN,sell,2.3381
2026-09-17,XUA,NGN,buy,1818.3931
2026-09-17,XUA,NGN,middle,1819.0765
2026-09-17,XUA,NGN,sell,1819.76
2026-09-17,ZAR,NGN,buy,81.867
2026-09-17,ZAR,NGN,middle,81.8978
2026-09-17,ZAR,NGN,sell,81.9285
2026-09-18,AED,NGN,buy,362.1373
2026-09-18,AED,NGN,middle,362.2734
2026-09-18,AED,NGN,sell,362.4095
2026-09-18,CHF,NGN,buy,1611.9761
2026-09-18,CHF,NGN,middle,1612.582
2026-09-18,CHF,NGN,sell,1613.188
2026-09-18,CNY,NGN,buy,198.6029
2026-09-18,CNY,NGN,middle,198.6776
2026-09-18,CNY,NGN,sell,198.7522
2026-09-18,DKK,NGN,buy,204
2026-09-18,DKK,NGN,middle,204.0767
2026-09-18,DKK,NGN,sell,204.1534
2026-09-18,EUR,NGN,buy,1525.2104
2026-09-18,EUR,NGN,middle,1525.7837
2026-09-18,EUR,NGN,sell,1526.357
2026-09-18,GBP,NGN,buy,1775.8206
2026-09-18,GBP,NGN,middle,1776.4881
2026-09-18,GBP,NGN,sell,1777.1556
2026-09-18,JPY,NGN,buy,8.4291
2026-09-18,JPY,NGN,middle,8.4323
2026-09-18,JPY,NGN,sell,8.4355
2026-09-18,SAR,NGN,buy,354.0881
2026-09-18,SAR,NGN,middle,354.2212
2026-09-18,SAR,NGN,sell,354.3543
2026-09-18,USD,NGN,buy,1330.2027
2026-09-18,USD,NGN,middle,1330.7027
2026-09-18,USD,NGN,sell,1331.2027
2026-09-18,XDR,NGN,buy,1814.9818
2026-09-18,XDR,NGN,middle,1815.664
2026-09-18,XDR,NGN,sell,1816.3462
2026-09-18,XOF,NGN,buy,2.3092
2026-09-18,XOF,NGN,middle,2.3192
2026-09-18,XOF,NGN,sell,2.3292
2026-09-18,XUA,NGN,buy,1816.1447
2026-09-18,XUA,NGN,middle,1816.8273
2026-09-18,XUA,NGN,sell,1817.51
2026-09-18,ZAR,NGN,buy,81.6125
2026-09-18,ZAR,NGN,middle,81.6432
2026-09-18,ZAR,NGN,sell,81.6739
2026-09-21,AED,NGN,buy,361.7953
2026-09-21,AED,NGN,middle,361.9315
2026-09-21,AED,NGN,sell,362.0676
2026-09-21,CHF,NGN,buy,1616.9407
2026-09-21,CHF,NGN,middle,1617.5492
2026-09-21,CHF,NGN,sell,1618.1576
2026-09-21,CNY,NGN,buy,198.4619
2026-09-21,CNY,NGN,middle,198.5366
2026-09-21,CNY,NGN,sell,198.6113
2026-09-21,DKK,NGN,buy,204.1014
2026-09-21,DKK,NGN,middle,204.1782
2026-09-21,DKK,NGN,sell,204.255
2026-09-21,EUR,NGN,buy,1525.9961
2026-09-21,EUR,NGN,middle,1526.5703
2026-09-21,EUR,NGN,sell,1527.1445
2026-09-21,GBP,NGN,buy,1779.6644
2026-09-21,GBP,NGN,middle,1780.334
2026-09-21,GBP,NGN,sell,1781.0037
2026-09-21,JPY,NGN,buy,8.4465
2026-09-21,JPY,NGN,middle,8.4497
2026-09-21,JPY,NGN,sell,8.4528
2026-09-21,SAR,NGN,buy,353.8094
2026-09-21,SAR,NGN,middle,353.9425
2026-09-21,SAR,NGN,sell,354.0756
2026-09-21,USD,NGN,buy,1328.8019
2026-09-21,USD,NGN,middle,1329.3019
2026-09-21,USD,NGN,sell,1329.8019
2026-09-21,XDR,NGN,buy,1814.1468
2026-09-21,XDR,NGN,middle,1814.8294
2026-09-21,XDR,NGN,sell,1815.512
2026-09-21,XOF,NGN,buy,2.3048
2026-09-21,XOF,NGN,middle,2.3148
2026-09-21,XOF,NGN,sell,2.3248
2026-09-21,XUA,NGN,buy,1814.2946
2026-09-21,XUA,NGN,middle,1814.9773
2026-09-21,XUA,NGN,sell,1815.66
2026-09-21,ZAR,NGN,buy,81.6729
2026-09-21,ZAR,NGN,middle,81.7036
2026-09-21,ZAR,NGN,sell,81.7344
2026-09-22,AED,NGN,buy,361.2444
2026-09-22,AED,NGN,middle,361.3805
2026-09-22,AED,NGN,sell,361.5167
2026-09-22,CHF,NGN,buy,1617.8251
2026-09-22,CHF,NGN,middle,1618.4348
2026-09-22,CHF,NGN,sell,1619.0445
2026-09-22,CNY,NGN,buy,198.0118
2026-09-22,CNY,NGN,middle,198.0865
2026-09-22,CNY,NGN,sell,198.1611
2026-09-22,DKK,NGN,buy,203.3315
2026-09-22,DKK,NGN,middle,203.4081
2026-09-22,DKK,NGN,sell,203.4847
2026-09-22,EUR,NGN,buy,1520.2227
2026-09-22,EUR,NGN,middle,1520.7956
2026-09-22,EUR,NGN,sell,1521.3685
2026-09-22,GBP,NGN,buy,1772.974
2026-09-22,GBP,NGN,middle,1773.6421
2026-09-22,GBP,NGN,sell,1774.3103
2026-09-22,JPY,NGN,buy,8.4352
2026-09-22,JPY,NGN,middle,8.4384
2026-09-22,JPY,NGN,sell,8.4416
2026-09-22,SAR,NGN,buy,353.2988
2026-09-22,SAR,NGN,middle,353.432
2026-09-22,SAR,NGN,sell,353.5651
2026-09-22,USD,NGN,buy,1326.7784
2026-09-22,USD,NGN,middle,1327.2784
2026-09-22,USD,NGN,sell,1327.7784
2026-09-22,XDR,NGN,buy,1810.5085
2026-09-22,XDR,NGN,middle,1811.1908
2026-09-22,XDR,NGN,sell,1811.8731
2026-09-22,XOF,NGN,buy,2.3085
2026-09-22,XOF,NGN,middle,2.3185
2026-09-22,XOF,NGN,sell,2.3285
2026-09-22,XUA,NGN,buy,1813.4632
2026-09-22,XUA,NGN,middle,1814.1466
2026-09-22,XUA,NGN,sell,1814.83
2026-09-22,ZAR,NGN,buy,81.7541
2026-09-22,ZAR,NGN,middle,81.7849
2026-09-22,ZAR,NGN,sell,81.8157
2026-09-23,AED,NGN,buy,361.4106
2026-09-23,AED,NGN,middle,361.5468
2026-09-23,AED,NGN,sell,361.6829
2026-09-23,CHF,NGN,buy,1611.4317
2026-09-23,CHF,NGN,middle,1612.0386
2026-09-23,CHF,NGN,sell,1612.6455
2026-09-23,CNY,NGN,buy,197.9035
2026-09-23,CNY,NGN,middle,197.9781
2026-09-23,CNY,NGN,sell,198.0526
2026-09-23,DKK,NGN,buy,202.4519
2026-09-23,DKK,NGN,middle,202.5282
2026-09-23,DKK,NGN,sell,202.6044
2026-09-23,EUR,NGN,buy,1513.7453
2026-09-23,EUR,NGN,middle,1514.3154
2026-09-23,EUR,NGN,sell,1514.8856
2026-09-23,GBP,NGN,buy,1761.589
2026-09-23,GBP,NGN,middle,1762.2525
2026-09-23,GBP,NGN,sell,1762.916
2026-09-23,JPY,NGN,buy,8.4029
2026-09-23,JPY,NGN,middle,8.4061
2026-09-23,JPY,NGN,sell,8.4093
2026-09-23,SAR,NGN,buy,353.5091
2026-09-23,SAR,NGN,middle,353.6423
2026-09-23,SAR,NGN,sell,353.7754
2026-09-23,USD,NGN,buy,1327.4974
2026-09-23,USD,NGN,middle,1327.9974
2026-09-23,USD,NGN,sell,1328.4974
2026-09-23,XDR,NGN,buy,1807.3479
2026-09-23,XDR,NGN,middle,1808.0286
2026-09-23,XDR,NGN,sell,1808.7094
2026-09-23,XOF,NGN,buy,2.2994
2026-09-23,XOF,NGN,middle,2.3094
2026-09-23,XOF,NGN,sell,2.3194
2026-09-23,XUA,NGN,buy,1809.8267
2026-09-23,XUA,NGN,middle,1810.5083
2026-09-23,XUA,NGN,sell,1811.19
2026-09-23,ZAR,NGN,buy,81.0997
2026-09-23,ZAR,NGN,middle,81.1303
2026-09-23,ZAR,NGN,sell,81.1608
2026-09-24,AED,NGN,buy,361.4868
2026-09-24,AED,NGN,middle,361.6229
2026-09-24,AED,NGN,sell,361.7591
2026-09-24,CHF,NGN,buy,1604.2396
2026-09-24,CHF,NGN,middle,1604.8438
2026-09-24,CHF,NGN,sell,1605.4479
2026-09-24,CNY,NGN,buy,197.7669
2026-09-24,CNY,NGN,middle,197.8414
2026-09-24,CNY,NGN,sell,197.9159
2026-09-24,DKK,NGN,buy,202.0497
2026-09-24,DKK,NGN,middle,202.1258
2026-09-24,DKK,NGN,sell,202.2019
2026-09-24,EUR,NGN,buy,1510.4887
2026-09-24,EUR,NGN,middle,1511.0575
2026-09-24,EUR,NGN,sell,1511.6264
2026-09-24,GBP,NGN,buy,1757.0368
2026-09-24,GBP,NGN,middle,1757.6985
2026-09-24,GBP,NGN,sell,1758.3602
2026-09-24,JPY,NGN,buy,8.3701
2026-09-24,JPY,NGN,middle,8.3733
2026-09-24,JPY,NGN,sell,8.3764
2026-09-24,SAR,NGN,buy,353.5924
2026-09-24,SAR,NGN,middle,353.7256
2026-09-24,SAR,NGN,sell,353.8587
2026-09-24,USD,NGN,buy,1327.6687
2026-09-24,USD,NGN,middle,1328.1687
2026-09-24,USD,NGN,sell,1328.6687
2026-09-24,XDR,NGN,buy,1803.8902
2026-09-24,XDR,NGN,middle,1804.5695
2026-09-24,XDR,NGN,sell,1805.2489
2026-09-24,XOF,NGN,buy,2.2902
2026-09-24,XOF,NGN,middle,2.3002
2026-09-24,XOF,NGN,sell,2.3102
2026-09-24,XUA,NGN,buy,1806.6692
2026-09-24,XUA,NGN,middle,1807.3496
2026-09-24,XUA,NGN,sell,1808.03
2026-09-24,ZAR,NGN,buy,81.0275
2026-09-24,ZAR,NGN,middle,81.0581
2026-09-24,ZAR,NGN,sell,81.0886
2026-09-25,AED,NGN,buy,361.6873
2026-09-25,AED,NGN,middle,361.8235
2026-09-25,AED,NGN,sell,361.9596
2026-09-25,CHF,NGN,buy,1602.7432
2026-09-25,CHF,NGN,middle,1603.3464
2026-09-25,CHF,NGN,sell,1603.9496
2026-09-25,CNY,NGN,buy,197.881
2026-09-25,CNY,NGN,middle,197.9555
2026-09-25,CNY,NGN,sell,198.03
2026-09-25,DKK,NGN,buy,202.5359
2026-09-25,DKK,NGN,middle,202.6121
2026-09-25,DKK,NGN,sell,202.6883
2026-09-25,EUR,NGN,buy,1514.3729
2026-09-25,EUR,NGN,middle,1514.9428
2026-09-25,EUR,NGN,sell,1515.5128
2026-09-25,GBP,NGN,buy,1761.0779
2026-09-25,GBP,NGN,middle,1761.7407
2026-09-25,GBP,NGN,sell,1762.4035
2026-09-25,JPY,NGN,buy,8.4581
2026-09-25,JPY,NGN,middle,8.4613
2026-09-25,JPY,NGN,sell,8.4645
2026-09-25,SAR,NGN,buy,353.8457
2026-09-25,SAR,NGN,middle,353.9789
2026-09-25,SAR,NGN,sell,354.1121
2026-09-25,USD,NGN,buy,1328.5138
2026-09-25,USD,NGN,middle,1329.0138
2026-09-25,USD,NGN,sell,1329.5138
2026-09-25,XDR,NGN,buy,1806.885
2026-09-25,XDR,NGN,middle,1807.5651
2026-09-25,XDR,NGN,sell,1808.2451
2026-09-25,XOF,NGN,buy,2.2816
2026-09-25,XOF,NGN,middle,2.2916
2026-09-25,XOF,NGN,sell,2.3016
2026-09-25,XUA,NGN,buy,1803.2127
2026-09-25,XUA,NGN,middle,1803.8913
2026-09-25,XUA,NGN,sell,1804.57
2026-09-25,ZAR,NGN,buy,81.3064
2026-09-25,ZAR,NGN,middle,81.337
2026-09-25,ZAR,NGN,sell,81.3676
2026-09-28,AED,NGN,buy,362.2013
2026-09-28,AED,NGN,middle,362.3374
2026-09-28,AED,NGN,sell,362.4736
2026-09-28,CHF,NGN,buy,1599.1456
2026-09-28,CHF,NGN,middle,1599.7466
2026-09-28,CHF,NGN,sell,1600.3476
2026-09-28,CNY,NGN,buy,198.243
2026-09-28,CNY,NGN,middle,198.3175
2026-09-28,CNY,NGN,sell,198.392
2026-09-28,DKK,NGN,buy,202.19
2026-09-28,DKK,NGN,middle,202.266
2026-09-28,DKK,NGN,sell,202.342
2026-09-28,EUR,NGN,buy,1511.6531
2026-09-28,EUR,NGN,middle,1512.2212
2026-09-28,EUR,NGN,sell,1512.7894
2026-09-28,GBP,NGN,buy,1764.6817
2026-09-28,GBP,NGN,middle,1765.3449
2026-09-28,GBP,NGN,sell,1766.0082
2026-09-28,JPY,NGN,buy,8.4637
2026-09-28,JPY,NGN,middle,8.4669
2026-09-28,JPY,NGN,sell,8.4701
2026-09-28,SAR,NGN,buy,354.3481
2026-09-28,SAR,NGN,middle,354.4813
2026-09-28,SAR,NGN,sell,354.6145
2026-09-28,USD,NGN,buy,1330.3292
2026-09-28,USD,NGN,middle,1330.8292
2026-09-28,USD,NGN,sell,1331.3292
2026-09-28,XDR,NGN,buy,1809.0216
2026-09-28,XDR,NGN,middle,1809.7015
2026-09-28,XDR,NGN,sell,1810.3814
2026-09-28,XOF,NGN,buy,2.2903
2026-09-28,XOF,NGN,middle,2.3003
2026-09-28,XOF,NGN,sell,2.3103
2026-09-28,XUA,NGN,buy,1806.2074
2026-09-28,XUA,NGN,middle,1806.8862
2026-09-28,XUA,NGN,sell,1807.5651
2026-09-28,ZAR,NGN,buy,81.1473
2026-09-28,ZAR,NGN,middle,81.1778
2026-09-28,ZAR,NGN,sell,81.2083
2026-09-29,AED,NGN,buy,361.9487
2026-09-29,AED,NGN,middle,362.0848
2026-09-29,AED,NGN,sell,362.2209
2026-09-29,CHF,NGN,buy,1594.6668
2026-09-29,CHF,NGN,middle,1595.2665
2026-09-29,CHF,NGN,sell,1595.8663
2026-09-29,CNY,NGN,buy,198.3194
2026-09-29,CNY,NGN,middle,198.394
2026-09-29,CNY,NGN,sell,198.4686
2026-09-29,DKK,NGN,buy,201.7778
2026-09-29,DKK,NGN,middle,201.8537
2026-09-29,DKK,NGN,sell,201.9296
2026-09-29,EUR,NGN,buy,1508.4209
2026-09-29,EUR,NGN,middle,1508.9882
2026-09-29,EUR,NGN,sell,1509.5555
2026-09-29,GBP,NGN,buy,1759.2925
2026-09-29,GBP,NGN,middle,1759.9542
2026-09-29,GBP,NGN,sell,1760.6158
2026-09-29,JPY,NGN,buy,8.4486
2026-09-29,JPY,NGN,middle,8.4518
2026-09-29,JPY,NGN,sell,8.455
2026-09-29,SAR,NGN,buy,354.0542
2026-09-29,SAR,NGN,middle,354.1874
2026-09-29,SAR,NGN,sell,354.3206
2026-09-29,USD,NGN,buy,1329.4737
2026-09-29,USD,NGN,middle,1329.9737
2026-09-29,USD,NGN,sell,1330.4737
2026-09-29,XDR,NGN,buy,1806.5553
2026-09-29,XDR,NGN,middle,1807.2348
2026-09-29,XDR,NGN,sell,1807.9142
2026-09-29,XOF,NGN,buy,2.2884
2026-09-29,XOF,NGN,middle,2.2984
2026-09-29,XOF,NGN,sell,2.3084
2026-09-29,XUA,NGN,buy,1808.3413
2026-09-29,XUA,NGN,middle,1809.0214
2026-09-29,XUA,NGN,sell,1809.7015
2026-09-29,ZAR,NGN,buy,80.9495
2026-09-29,ZAR,NGN,middle,80.9799
2026-09-29,ZAR,NGN,sell,81.0104
2026-09-30,AED,NGN,buy,361.6206
2026-09-30,AED,NGN,middle,361.7567
2026-09-30,AED,NGN,sell,361.8928
2026-09-30,CHF,NGN,buy,1592.709
2026-09-30,CHF,NGN,middle,1593.3086
2026-09-30,CHF,NGN,sell,1593.9081
2026-09-30,CNY,NGN,buy,198.0968
2026-09-30,CNY,NGN,middle,198.1714
2026-09-30,CNY,NGN,sell,198.246
2026-09-30,DKK,NGN,buy,201.799
2026-09-30,DKK,NGN,middle,201.8749
2026-09-30,DKK,NGN,sell,201.9509
2026-09-30,EUR,NGN,buy,1508.9226
2026-09-30,EUR,NGN,middle,1509.4906
2026-09-30,EUR,NGN,sell,1510.0587
2026-09-30,GBP,NGN,buy,1765.2575
2026-09-30,GBP,NGN,middle,1765.922
2026-09-30,GBP,NGN,sell,1766.5866
2026-09-30,JPY,NGN,buy,8.4618
2026-09-30,JPY,NGN,middle,8.465
2026-09-30,JPY,NGN,sell,8.4681
2026-09-30,SAR,NGN,buy,353.7044
2026-09-30,SAR,NGN,middle,353.8375
2026-09-30,SAR,NGN,sell,353.9707
2026-09-30,USD,NGN,buy,1328.16
2026-09-30,USD,NGN,middle,1328.66
2026-09-30,USD,NGN,sell,1329.16
2026-09-30,XDR,NGN,buy,1805.9656
2026-09-30,XDR,NGN,middle,1806.6454
2026-09-30,XDR,NGN,sell,1807.3253
2026-09-30,XOF,NGN,buy,2.2823
2026-09-30,XOF,NGN,middle,2.2923
2026-09-30,XOF,NGN,sell,2.3023
2026-09-30,XUA,NGN,buy,1805.8751
2026-09-30,XUA,NGN,middle,1806.5549
2026-09-30,XUA,NGN,sell,1807.2348
2026-09-30,ZAR,NGN,buy,81.1224
2026-09-30,ZAR,NGN,middle,81.1529
2026-09-30,ZAR,NGN,sell,81.1835
2026-10-02,AED,NGN,buy,361.8755
2026-10-02,AED,NGN,middle,362.0117
2026-10-02,AED,NGN,sell,362.1478
2026-10-02,CHF,NGN,buy,1604.4139
2026-10-02,CHF,NGN,middle,1605.0174
2026-10-02,CHF,NGN,sell,1605.621
2026-10-02,CNY,NGN,buy,198.2365
2026-10-02,CNY,NGN,middle,198.3111
2026-10-02,CNY,NGN,sell,198.3857
2026-10-02,DKK,NGN,buy,200.1049
2026-10-02,DKK,NGN,middle,200.1801
2026-10-02,DKK,NGN,sell,200.2554
2026-10-02,EUR,NGN,buy,1495.6322
2026-10-02,EUR,NGN,middle,1496.1949
2026-10-02,EUR,NGN,sell,1496.7575
2026-10-02,GBP,NGN,buy,1758.2617
2026-10-02,GBP,NGN,middle,1758.9231
2026-10-02,GBP,NGN,sell,1759.5846
2026-10-02,JPY,NGN,buy,8.4398
2026-10-02,JPY,NGN,middle,8.443
2026-10-02,JPY,NGN,sell,8.4461
2026-10-02,SAR,NGN,buy,353.9821
2026-10-02,SAR,NGN,middle,354.1152
2026-10-02,SAR,NGN,sell,354.2484
2026-10-02,USD,NGN,buy,1329.0965
2026-10-02,USD,NGN,middle,1329.5965
2026-10-02,USD,NGN,sell,1330.0965
2026-10-02,XOF,NGN,buy,2.2684
2026-10-02,XOF,NGN,middle,2.2784
2026-10-02,XOF,NGN,sell,2.2884
2026-10-02,XUA,NGN,buy,1800.242
2026-10-02,XUA,NGN,middle,1800.9193
2026-10-02,XUA,NGN,sell,1801.5965
2026-10-02,ZAR,NGN,buy,79.8472
2026-10-02,ZAR,NGN,middle,79.8772
2026-10-02,ZAR,NGN,sell,79.9073
2026-10-05,AED,NGN,buy,362.2989
2026-10-05,AED,NGN,middle,362.435
2026-10-05,AED,NGN,sell,362.5711
2026-10-05,CHF,NGN,buy,1600.7308
2026-10-05,CHF,NGN,middle,1601.3323
2026-10-05,CHF,NGN,sell,1601.9337
2026-10-05,CNY,NGN,buy,198.4738
2026-10-05,CNY,NGN,middle,198.5484
2026-10-05,CNY,NGN,sell,198.623
2026-10-05,DKK,NGN,buy,199.4495
2026-10-05,DKK,NGN,middle,199.5245
2026-10-05,DKK,NGN,sell,199.5994
2026-10-05,EUR,NGN,buy,1491.0353
2026-10-05,EUR,NGN,middle,1491.5956
2026-10-05,EUR,NGN,sell,1492.1558
2026-10-05,GBP,NGN,buy,1758.5035
2026-10-05,GBP,NGN,middle,1759.1643
2026-10-05,GBP,NGN,sell,1759.825
2026-10-05,JPY,NGN,buy,8.4066
2026-10-05,JPY,NGN,middle,8.4098
2026-10-05,JPY,NGN,sell,8.413
2026-10-05,SAR,NGN,buy,354.3492
2026-10-05,SAR,NGN,middle,354.4823
2026-10-05,SAR,NGN,sell,354.6155
2026-10-05,USD,NGN,buy,1330.6875
2026-10-05,USD,NGN,middle,1331.1875
2026-10-05,USD,NGN,sell,1331.6875
2026-10-05,XDR,NGN,buy,1800.194
2026-10-05,XDR,NGN,middle,1800.8704
2026-10-05,XDR,NGN,sell,1801.5468
2026-10-05,XOF,NGN,buy,2.2553
2026-10-05,XOF,NGN,middle,2.2653
2026-10-05,XOF,NGN,sell,2.2753
2026-10-05,XUA,NGN,buy,1799.0281
2026-10-05,XUA,NGN,middle,1799.7041
2026-10-05,XUA,NGN,sell,1800.38
2026-10-05,ZAR,NGN,buy,80.0057
2026-10-05,ZAR,NGN,middle,80.0358
2026-10-05,ZAR,NGN,sell,80.0659
2026-10-06,AED,NGN,buy,362.0578
2026-10-06,AED,NGN,middle,362.1939
2026-10-06,AED,NGN,sell,362.33
2026-10-06,CHF,NGN,buy,1599.5604
2026-10-06,CHF,NGN,middle,1600.1618
2026-10-06,CHF,NGN,sell,1600.7632
2026-10-06,CNY,NGN,buy,198.3525
2026-10-06,CNY,NGN,middle,198.4271
2026-10-06,CNY,NGN,sell,198.5017
2026-10-06,DKK,NGN,buy,200.222
2026-10-06,DKK,NGN,middle,200.2973
2026-10-06,DKK,NGN,sell,200.3726
2026-10-06,EUR,NGN,buy,1496.9067
2026-10-06,EUR,NGN,middle,1497.4695
2026-10-06,EUR,NGN,sell,1498.0323
2026-10-06,GBP,NGN,buy,1765.8074
2026-10-06,GBP,NGN,middle,1766.4713
2026-10-06,GBP,NGN,sell,1767.1352
2026-10-06,JPY,NGN,buy,8.4175
2026-10-06,JPY,NGN,middle,8.4206
2026-10-06,JPY,NGN,sell,8.4238
2026-10-06,SAR,NGN,buy,354.2742
2026-10-06,SAR,NGN,middle,354.4074
2026-10-06,SAR,NGN,sell,354.5406
2026-10-06,USD,NGN,buy,1329.8745
2026-10-06,USD,NGN,middle,1330.3745
2026-10-06,USD,NGN,sell,1330.8745
2026-10-06,XDR,NGN,buy,1801.4214
2026-10-06,XDR,NGN,middle,1802.0987
2026-10-06,XDR,NGN,sell,1802.776
2026-10-06,XOF,NGN,buy,2.2537
2026-10-06,XOF,NGN,middle,2.2637
2026-10-06,XOF,NGN,sell,2.2737
2026-10-06,XUA,NGN,buy,1799.5172
2026-10-06,XUA,NGN,middle,1800.1938
2026-10-06,XUA,NGN,sell,1800.8704
2026-10-06,ZAR,NGN,buy,80.3724
2026-10-06,ZAR,NGN,middle,80.4027
2026-10-06,ZAR,NGN,sell,80.4329
2026-10-07,AED,NGN,buy,362.2912
2026-10-07,AED,NGN,middle,362.4273
2026-10-07,AED,NGN,sell,362.5634
2026-10-07,CHF,NGN,buy,1596.7937
2026-10-07,CHF,NGN,middle,1597.3937
2026-10-07,CHF,NGN,sell,1597.9936
2026-10-07,CNY,NGN,buy,198.4858
2026-10-07,CNY,NGN,middle,198.5604
2026-10-07,CNY,NGN,sell,198.635
2026-10-07,DKK,NGN,buy,199.0261
2026-10-07,DKK,NGN,middle,199.1008
2026-10-07,DKK,NGN,sell,199.1756
2026-10-07,EUR,NGN,buy,1487.9316
2026-10-07,EUR,NGN,middle,1488.4906
2026-10-07,EUR,NGN,sell,1489.0497
2026-10-07,GBP,NGN,buy,1756.6136
2026-10-07,GBP,NGN,middle,1757.2736
2026-10-07,GBP,NGN,sell,1757.9336
2026-10-07,JPY,NGN,buy,8.4034
2026-10-07,JPY,NGN,middle,8.4066
2026-10-07,JPY,NGN,sell,8.4097
2026-10-07,SAR,NGN,buy,354.465
2026-10-07,SAR,NGN,middle,354.5982
2026-10-07,SAR,NGN,sell,354.7313
2026-10-07,USD,NGN,buy,1330.7679
2026-10-07,USD,NGN,middle,1331.2679
2026-10-07,USD,NGN,sell,1331.7679
2026-10-07,XDR,NGN,buy,1799.451
2026-10-07,XDR,NGN,middle,1800.1271
2026-10-07,XDR,NGN,sell,1800.8032
2026-10-07,XOF,NGN,buy,2.2655
2026-10-07,XOF,NGN,middle,2.2755
2026-10-07,XOF,NGN,sell,2.2855
2026-10-07,XUA,NGN,buy,1800.7455
2026-10-07,XUA,NGN,middle,1801.4221
2026-10-07,XUA,NGN,sell,1802.0987
2026-10-07,ZAR,NGN,buy,79.6161
2026-10-07,ZAR,NGN,middle,79.6461
2026-10-07,ZAR,NGN,sell,79.676
2026-10-08,AED,NGN,buy,362.4315
2026-10-08,AED,NGN,middle,362.5676
2026-10-08,AED,NGN,sell,362.7038
2026-10-08,CHF,NGN,buy,1596.2371
2026-10-08,CHF,NGN,middle,1596.8367
2026-10-08,CHF,NGN,sell,1597.4363
2026-10-08,CNY,NGN,buy,198.5979
2026-10-08,CNY,NGN,middle,198.6725
2026-10-08,CNY,NGN,sell,198.747
2026-10-08,DKK,NGN,buy,199.2071
2026-10-08,DKK,NGN,middle,199.282
2026-10-08,DKK,NGN,sell,199.3568
2026-10-08,EUR,NGN,buy,1489.1039
2026-10-08,EUR,NGN,middle,1489.6633
2026-10-08,EUR,NGN,sell,1490.2226
2026-10-08,GBP,NGN,buy,1757.8534
2026-10-08,GBP,NGN,middle,1758.5137
2026-10-08,GBP,NGN,sell,1759.174
2026-10-08,JPY,NGN,buy,8.4135
2026-10-08,JPY,NGN,middle,8.4167
2026-10-08,JPY,NGN,sell,8.4198
2026-10-08,SAR,NGN,buy,354.5351
2026-10-08,SAR,NGN,middle,354.6683
2026-10-08,SAR,NGN,sell,354.8015
2026-10-08,USD,NGN,buy,1331.1021
2026-10-08,USD,NGN,middle,1331.6021
2026-10-08,USD,NGN,sell,1332.1021
2026-10-08,XDR,NGN,buy,1799.4371
2026-10-08,XDR,NGN,middle,1800.113
2026-10-08,XDR,NGN,sell,1800.7889
2026-10-08,XOF,NGN,buy,2.2484
2026-10-08,XOF,NGN,middle,2.2584
2026-10-08,XOF,NGN,sell,2.2684
2026-10-08,XUA,NGN,buy,1798.7758
2026-10-08,XUA,NGN,middle,1799.4515
2026-10-08,XUA,NGN,sell,1800.1271
2026-10-08,ZAR,NGN,buy,79.9442
2026-10-08,ZAR,NGN,middle,79.9742
2026-10-08,ZAR,NGN,sell,80.0042
2026-10-09,AED,NGN,buy,362.1327
2026-10-09,AED,NGN,middle,362.2689
2026-10-09,AED,NGN,sell,362.405
2026-10-09,CHF,NGN,buy,1599.1657
2026-10-09,CHF,NGN,middle,1599.7668
2026-10-09,CHF,NGN,sell,1600.3679
2026-10-09,CNY,NGN,buy,198.7637
2026-10-09,CNY,NGN,middle,198.8384
2026-10-09,CNY,NGN,sell,198.9131
2026-10-09,DKK,NGN,buy,199.2639
2026-10-09,DKK,NGN,middle,199.3388
2026-10-09,DKK,NGN,sell,199.4137
2026-10-09,EUR,NGN,buy,1489.6753
2026-10-09,EUR,NGN,middle,1490.2353
2026-10-09,EUR,NGN,sell,1490.7952
2026-10-09,GBP,NGN,buy,1757.8408
2026-10-09,GBP,NGN,middle,1758.5015
2026-10-09,GBP,NGN,sell,1759.1623
2026-10-09,JPY,NGN,buy,8.4024
2026-10-09,JPY,NGN,middle,8.4056
2026-10-09,JPY,NGN,sell,8.4087
2026-10-09,SAR,NGN,buy,354.2439
2026-10-09,SAR,NGN,middle,354.3771
2026-10-09,SAR,NGN,sell,354.5103
2026-10-09,USD,NGN,buy,1330.186
2026-10-09,USD,NGN,middle,1330.686
2026-10-09,USD,NGN,sell,1331.186
2026-10-09,XDR,NGN,buy,1800.0875
2026-10-09,XDR,NGN,middle,1800.7641
2026-10-09,XDR,NGN,sell,1801.4408
2026-10-09,XOF,NGN,buy,2.2508
2026-10-09,XOF,NGN,middle,2.2608
2026-10-09,XOF,NGN,sell,2.2708
2026-10-09,XUA,NGN,buy,1798.7607
2026-10-09,XUA,NGN,middle,1799.4368
2026-10-09,XUA,NGN,sell,1800.113
2026-10-09,ZAR,NGN,buy,80.4136
2026-10-09,ZAR,NGN,middle,80.4438
2026-10-09,ZAR,NGN,sell,80.4741
